Time On Sample,Displacement Into Surface,Load On Sample,Harmonic Contact Stiffness,Harmonic Displacement,Harmonic Load
0,0,0,-81.91491876,0.390293015,2.189569639
0.1,0.179878664,0.000332454,2051.262207,0.293374615,2.233339163
0.2,-0.110713411,0.000697124,4242.136789,0.254083373,2.260695086
0.3,0.192403607,0.001021139,6481.239307,0.228762348,2.284768333
0.4,0.624587816,0.001336317,9089.275571,0.206497309,2.313218554
0.5,0.402276451,0.001696311,11902.22956,0.186851688,2.386532458
0.6,0.534691695,0.002032015,13494.47137,0.175064315,2.430301977
0.7,0.483914794,0.002380263,15723.88677,0.158911249,2.498144718
0.8,0.448959032,0.002727428,16933.09,0.149743292,2.541914214
0.89,0.440397865,0.003038309,18325.60972,0.140138766,2.586777965
1,0.535593796,0.003408701,20386.69756,0.127478254,2.657903428
1.1,0.572249768,0.003748737,21691.30205,0.120493144,2.704955649
1.2,0.590586526,0.004090027,23404.23309,0.113508035,2.772798385
1.3,0.648059787,0.004428637,24104.63867,0.112198326,2.816567908
1.4,0.441569821,0.004785322,25093.68395,0.110452049,2.872374007
1.5,0.612289136,0.005116178,27091.60848,0.11001548,3.033226968
1.6,0.512383691,0.005465564,28724.14623,0.112634896,3.223624322
1.7,0.784691376,0.005789463,29374.7804,0.115690881,3.34946169
1.8,0.428316929,0.006156412,28675.17711,0.126168547,3.542047494
1.9,0.495782489,0.006494337,27508.00711,0.136209642,3.662413644
2,0.920472731,0.006807803,26075.69049,0.151052999,3.841868676
2.1,0.916326816,0.007150632,25173.91737,0.161530664,3.960046369
2.2,0.70900416,0.007507374,24447.21197,0.174191176,4.138407078
2.3,0.643239069,0.007854423,24170.23935,0.181612855,4.257678983
2.4,0.791475711,0.008186818,23891.33062,0.189471103,4.390081773
2.5,0.85311243,0.008525143,24680.94401,0.19820249,4.758839888
2.6,0.97387025,0.008859419,25241.93731,0.202131614,4.976593224
2.7,0.803185625,0.009217076,26639.40244,0.203441323,5.308147226
2.8,0.569216838,0.009575643,27681.5385,0.203441324,5.530277442
2.9,0.938116744,0.009892928,29813.70055,0.200385337,5.867302725
3,0.985598105,0.010228799,31553.77735,0.196892782,6.108035048
3.1,0.915669557,0.010576133,33434.63725,0.192527088,6.335636474
3.2,0.999788948,0.010912918,35524.34579,0.190344241,6.673755958
3.3,1.273762014,0.011236703,36817.93305,0.189471102,6.91229984
3.4,1.26461995,0.011579875,38413.36593,0.187724824,7.166162996
3.5,1.052301146,0.011936959,41021.41928,0.188597964,7.702339438
3.6,1.085626351,0.012277223,42324.82649,0.19078081,8.037176189
3.7,1.087309278,0.012619653,43443.4869,0.197329351,8.521923526
3.8,0.994065366,0.012968583,44573.49149,0.200385337,8.85347751
3.9,0.986588685,0.013311641,45195.56389,0.20475103,9.162052554
4,1.303029021,0.013632518,45578.01611,0.213482416,9.620538271
4.1,1.027425658,0.013993936,45441.06661,0.220904097,9.921453567
4.2,1.019948977,0.014336993,45160.55108,0.232691469,10.36899677
4.3,1.422989235,0.014651941,44947.84206,0.240986285,10.66553537
4.4,1.282281905,0.015004121,44115.91558,0.253646797,10.99927781
4.5,1.409701256,0.015337942,43579.04573,0.274165557,11.72913447
4.6,1.634545519,0.015665091,43309.48971,0.285516359,12.13947367
4.7,1.47218821,0.016018754,42470.22799,0.30559855,12.74130439
4.8,1.3343953,0.016370735,41569.93925,0.322188187,13.15711467
4.9,1.304852293,0.016715303,40731.1609,0.338341253,13.54228635
5,1.481400446,0.01704576,39281.968,0.366281691,14.13098633
5.1,1.534710249,0.017384655,38257.52266,0.38680045,14.51944076
5.2,1.182082918,0.017751347,37038.84686,0.415614031,15.0851615
5.3,1.196672563,0.018092893,36371.27559,0.433513374,15.44297726
5.4,1.094269045,0.018442451,35851.28469,0.452285858,15.87301263
5.5,1.314949851,0.018769885,35454.37614,0.472368046,16.37855058
5.6,1.178405979,0.019121781,34864.65843,0.499871917,17.02305653
5.7,1.134290869,0.019467347,34556.61231,0.516898123,17.43011293
5.8,1.14346802,0.019809264,34121.31393,0.543092284,18.05711122
5.9,1.090193303,0.020155458,33861.57423,0.55968192,18.45322517
6,1.165153087,0.02049287,33597.24862,0.577144694,18.86794135
6.1,1.120205285,0.020838494,33361.25581,0.600282871,19.47633749
6.2,1.076922867,0.021184003,33027.86381,0.618182215,19.84947257
6.3,0.885421351,0.021539662,32415.20461,0.647432364,20.39330854
6.4,1.305115441,0.021853469,31734.74721,0.67406309,20.7773863
6.5,1.135263906,0.022207645,31044.22848,0.704186378,21.22602364
6.6,0.974571978,0.022561194,30415.83699,0.731253681,21.59040469
6.7,1.105322097,0.022894786,29337.27318,0.775783754,22.09375413
6.8,0.80223991,0.023258085,28587.87881,0.807653322,22.41655407
6.9,1.067053371,0.023582498,27532.84919,0.85436624,22.84877813
7,0.743986587,0.023947165,26793.45594,0.889291794,23.15735294
7.1,1.243619068,0.024255499,26030.12854,0.925527043,23.42763002
7.2,0.890575389,0.024622219,25055.25474,0.976169095,23.80951882
7.3,0.741541142,0.024974969,24441.03543,1.010221508,24.05572203
7.4,0.853972047,0.025309816,23821.8141,1.046456763,24.32271619
7.5,1.099633601,0.02563554,23202.25764,1.084438293,24.59080466
7.6,0.47013632,0.02602119,22702.78368,1.117181008,24.82387675
7.7,1.233732029,0.026311449,22045.78172,1.163457344,25.14120632
7.8,0.503479069,0.026703998,21641.7726,1.194017215,25.35129944
7.9,0.791607895,0.027026814,21242.7803,1.224577065,25.55045073
8,0.703360132,0.027375403,20587.3425,1.273472835,25.8021255
8.1,0.582637398,0.027726215,20234.68384,1.302722986,25.9761091
8.2,0.616795295,0.028066421,19831.5124,1.335465687,26.12711404
8.3,1.091447031,0.028376465,19455.1931,1.36689867,26.27045945
8.4,0.880793609,0.028733435,19095.43986,1.400077947,26.42146416
8.5,1.452037563,0.029036865,18858.93406,1.425398955,26.57684642
8.6,1.054028541,0.029406664,18674.02251,1.446354295,26.7158143
8.7,1.670237837,0.029707015,18507.32156,1.469929024,26.93466231
8.8,1.056561702,0.030091582,18450.02147,1.481716413,27.08676087
8.9,1.402978934,0.030410407,18459.50541,1.488264944,27.23995445
9,1.51124638,0.030745539,18695.69723,1.484335816,27.5255506
9.1,1.383029423,0.031096864,18820.97153,1.483462682,27.70172271
9.2,1.113254901,0.031457882,19089.67135,1.472985025,27.90743921
9.3,1.303958811,0.031787369,19458.47263,1.457705092,28.14379468
9.4,1.363097455,0.032125865,19899.03128,1.439369178,28.41625997
9.5,1.345628476,0.032469607,20306.58844,1.423216111,28.67559423
9.6,1.274867236,0.032816998,20837.69337,1.404443632,29.02575031
9.7,1.234082893,0.033162336,21143.80152,1.395275675,29.24240933
9.8,1.1883024,0.033508017,21453.07261,1.386980859,29.47110497
9.9,1.402321675,0.033835907,21692.74914,1.38305173,29.68995274
10,1.073426051,0.034200974,21900.13044,1.385234585,29.99633897
10.1,1.493120141,0.034514781,21978.62422,1.390036836,30.18892524
10.2,1.172551434,0.034879277,21945.38494,1.400951079,30.3629087
10.3,1.502314834,0.035199242,21858.34627,1.414048152,30.52595047
10.4,1.356611355,0.035551765,21734.13602,1.429764651,30.69774564
10.5,1.733005482,0.035868537,21619.95374,1.445044571,30.86078745
10.6,1.092683216,0.036254929,21509.6952,1.462943931,31.08182288
10.7,1.567334949,0.036564972,21389.30786,1.477350707,31.21641454
10.8,1.598162079,0.036905407,21284.89774,1.490447787,31.34991158
10.9,1.587354632,0.037248693,21241.48599,1.499615744,31.49106824
11,1.468297283,0.037599391,21226.25923,1.510966552,31.70444447
11.1,1.788901075,0.037919983,21282.29258,1.513585957,31.84778996
11.2,1.820560897,0.038260361,21427.29615,1.51140311,32.01411413
11.3,1.609907477,0.038617331,21589.83735,1.5087837,32.18372075
11.4,1.620750011,0.038959134,21813.77095,1.503544867,32.37849519
11.5,1.933026886,0.039280296,22056.4072,1.49655975,32.57655245
11.6,1.603298575,0.03964542,22285.11101,1.490011217,32.75819555
11.7,1.522545037,0.039993495,22731.31536,1.474731293,33.0492627
11.8,1.514235664,0.04033661,23080.70488,1.462070781,33.24622548
11.9,1.712433798,0.040665584,23465.92102,1.448537126,33.45850779
12,1.759082068,0.041004935,23865.27335,1.434566906,33.67626119
12.1,2.145468491,0.041321023,24561.93592,1.410119012,34.02313497
12.2,1.803249807,0.041687002,24990.92518,1.396585371,34.2518304
12.3,2.095542084,0.042009533,25410.16784,1.383488283,34.47396085
12.4,1.686708076,0.042380073,25876.95695,1.369954643,34.73329481
12.5,2.222146286,0.042685955,26342.83948,1.357730688,34.99591246
12.6,2.05562552,0.043039903,26871.56969,1.34550675,35.31980666
12.7,2.248827502,0.043369219,27210.37873,1.338958205,35.550691
12.8,1.916601117,0.043734513,27555.42337,1.331536534,35.77391515
12.9,2.186410723,0.044058584,28004.68219,1.323678279,36.10984645
13,1.886659308,0.044421655,28281.77533,1.318876024,36.31775132
13.1,2.070701684,0.044751598,28517.96333,1.316256603,36.5344105
13.2,1.875036713,0.045107542,28800.44953,1.315820039,36.86815287
13.3,2.320544235,0.045419581,28960.24115,1.316256597,37.07605853
13.4,1.89672178,0.045791148,29188.33298,1.31451033,37.31460191
13.5,2.218158261,0.046111683,29445.90095,1.311890906,37.57721927
13.6,1.910079931,0.046475324,29673.17671,1.309271498,37.80372623
13.7,2.24650486,0.046794833,29993.66232,1.306215504,38.14731721
13.8,1.834340086,0.047165602,30143.86377,1.307088653,38.37710666
13.9,2.383934052,0.047470514,30283.0638,1.307961778,38.5937664
14,2.030057687,0.047837291,30419.10043,1.311890911,38.9045295
14.1,2.432265248,0.048152296,30527.72869,1.314073748,39.11681208
14.2,1.9584813,0.048527284,30613.3081,1.317129745,39.32471668
14.3,2.125037153,0.048858424,30670.69107,1.32498799,39.64423438
14.4,2.103404716,0.049202451,30582.17709,1.336775363,39.87949547
14.5,2.487293063,0.04951871,30513.69137,1.346816448,40.0808356
14.6,1.855297721,0.049904531,30425.63613,1.357294129,40.26576108
14.7,2.096795814,0.05023054,30346.6546,1.367771787,40.45834709
14.8,2.196736343,0.050566243,30271.72641,1.381305435,40.7351895
14.9,2.41408638,0.050893905,30203.77542,1.390909955,40.91026782
15,2.034396577,0.05126245,30134.60296,1.400514491,41.08206261
15.1,2.434938755,0.051577568,30026.31947,1.4144847,41.32936088
15.2,2.053583569,0.051946227,29966.76776,1.423216097,41.49677875
15.3,2.321727791,0.052270412,29941.90615,1.433257185,41.74517105
15.4,2.470797121,0.05260275,29948.37435,1.436749736,41.85678355
15.5,2.312603271,0.052956128,30102.3716,1.440242295,42.17520654
15.6,2.1169383,0.053312071,30199.58767,1.441988578,42.36232088
15.7,2.537465074,0.053625821,30273.97745,1.445044552,42.55490726
15.8,2.308492443,0.053984046,30371.1944,1.449410252,42.8208069
15.9,2.314338827,0.054326191,30505.64842,1.449410252,43.01010986
16,2.179460339,0.054677972,30649.44175,1.448973686,43.20050716
16.1,2.401806526,0.055005293,30889.60028,1.447663972,43.49376308
16.2,2.398493303,0.055348065,31098.86882,1.444607987,43.69291446
16.3,2.539235717,0.055680974,31300.6587,1.441988567,43.89316004
16.4,2.306932319,0.056039426,31511.18693,1.439805726,44.11419586
16.5,2.590064987,0.056362584,31706.97227,1.441551996,44.43480786
16.6,2.237021316,0.056729304,31824.86734,1.442861714,44.63942988
16.7,2.514325144,0.057052862,31954.07546,1.443298276,44.83529878
16.8,2.227064103,0.057415077,32038.92514,1.44548113,45.02460149
16.9,2.447744907,0.057742512,32098.50353,1.452029665,45.31457483
17,2.106358915,0.058108434,32146.58987,1.455522229,45.49621783
17.1,2.635968282,0.058414714,32155.75538,1.462943894,45.75555289
17.2,2.310403431,0.058779553,32146.83257,1.468182735,45.91749964
17.3,2.687630244,0.059096268,32148.22365,1.473421557,46.0991437
17.4,2.218009756,0.059470971,32132.54002,1.479533541,46.28735188
17.5,2.664349967,0.059782953,32138.78314,1.48520893,46.49197494
17.6,2.434544645,0.060141235,32147.94845,1.492630615,46.75349751
17.7,2.809273382,0.060458121,32160.70122,1.496996299,46.92419917
17.8,2.512852736,0.060820964,32214.70933,1.499615723,47.10037097
17.9,2.617789414,0.061156324,32284.25279,1.503981414,47.36517655
18,2.544530101,0.061503886,32311.87397,1.50791054,47.54353738
18.1,2.874293495,0.061823851,32364.37042,1.510529947,47.70439076
18.2,2.263115445,0.062208247,32458.91769,1.514022519,47.95497033
18.3,2.508776995,0.062533971,32498.46312,1.517515067,48.12129469
18.4,2.418863851,0.062882673,32531.45323,1.521880763,48.30403242
18.5,2.710323435,0.063205261,32654.08077,1.522753894,48.51303217
18.6,2.408073948,0.063568503,32796.75234,1.52406361,48.77236619
18.7,2.803619974,0.063883964,32889.48714,1.525373307,48.94635036
18.8,2.38978982,0.064254846,33023.79817,1.52493675,49.12689926
18.9,2.620462921,0.064581596,33276.54142,1.521880758,49.40155305
19,2.641297753,0.064922715,33428.72122,1.520571049,49.58647938
19.1,2.74040559,0.065258474,33569.76748,1.519697908,49.78015964
19.2,2.337400426,0.065628616,33780.30582,1.518388211,50.06137805
19.3,2.652175373,0.065949607,33971.35007,1.515332217,50.25396435
19.4,2.689664036,0.066289586,34133.72242,1.514022508,50.46296388
19.5,2.788771872,0.066625345,34242.09996,1.515332213,50.67962319
19.6,2.515666589,0.066986591,34324.51081,1.517078498,50.87220854
19.7,2.776316586,0.067311289,34446.61524,1.519261338,51.15014529
19.8,2.554838179,0.067669,34511.69125,1.521007621,51.31975183
19.9,2.885434264,0.067988908,34563.25703,1.526246444,51.58455797
20,2.606500141,0.068350554,34618.647,1.528865868,51.75854121
20.1,2.872978977,0.068674852,34691.09622,1.531048708,51.93252555
20.2,2.456650351,0.069049329,34839.23526,1.532794997,52.20498995
20.3,2.741448801,0.06936895,34919.54599,1.534541266,52.3789743
20.4,2.636546811,0.069722102,35074.4143,1.534977839,52.61532955
20.5,2.53164522,0.070071831,35223.59548,1.534541272,52.8133863
20.6,2.560806967,0.07041238,35343.19667,1.534977841,52.99831256
20.7,2.667409028,0.070747626,35466.08576,1.537597254,53.26092975
20.8,2.558343937,0.071098,35514.33476,1.541089812,53.44366732
20.9,2.950558966,0.071415675,35639.385,1.541089801,53.62749996
21,2.58252642,0.071787096,35698.21112,1.543709228,53.80038892
21.1,2.899799214,0.072109863,35803.98112,1.547201774,54.07723158
21.2,2.667494991,0.072475425,35812.6784,1.551130904,54.23261294
21.3,2.840711342,0.072814986,35815.3396,1.555496593,54.39565468
21.4,2.780773852,0.073172322,35854.52876,1.55898915,54.5915231
21.5,2.909857145,0.073518401,35898.10682,1.564664548,54.87930793
21.6,2.563473352,0.07389889,35950.52289,1.566847404,55.05000837
21.7,2.893234887,0.074234845,35991.3081,1.569466811,55.21852154
21.8,2.704229381,0.074608123,36070.63273,1.572522802,55.4778556
21.9,3.20635765,0.074935819,36077.69739,1.576015342,55.63104974
22,2.892448008,0.075321148,36153.56305,1.57688849,55.80175039
22.1,3.042347334,0.075676593,36214.29826,1.580381041,56.05451949
22.2,3.070673483,0.076042193,36282.42246,1.581690748,56.22193796
22.3,3.092337893,0.076410024,36345.50533,1.583437025,56.38826199
22.4,2.666846719,0.076810419,36452.52308,1.584310176,56.58631849
22.5,3.355080274,0.077136321,36544.64949,1.586056433,56.78656505
22.6,2.874214691,0.077544149,36693.36825,1.587802725,57.05793536
22.7,3.254351935,0.07789494,36814.87461,1.587802714,57.23301387
22.8,2.75891381,0.078307551,36916.23508,1.589112437,57.41246815
22.9,3.342227352,0.078648189,37088.47377,1.589548989,57.65648409
23,2.950042537,0.07905752,37147.33645,1.592168417,57.82061916
23.1,3.309777961,0.079417247,37226.04936,1.593914683,57.98584966
23.2,3.152411718,0.079814297,37402.88867,1.594351257,58.24737226
23.3,3.148260486,0.080202852,37479.91855,1.596097535,58.41260198
23.4,2.965080344,0.080605638,37540.52783,1.599153526,58.60190501
23.5,3.230720714,0.080979634,37621.56824,1.601336365,58.79777383
23.6,3.189097688,0.08137655,37734.69908,1.601336366,58.97175787
23.7,3.493874112,0.081751713,37931.9342,1.600463219,59.24094064
23.8,3.177462423,0.082171378,38032.56619,1.600899797,59.41273558
23.9,3.350673119,0.082559554,38158.25786,1.600463223,59.5987562
24,3.285733807,0.082966009,38411.90527,1.59697067,59.86903297
24.1,3.587178541,0.083349342,38569.01012,1.595224384,60.05177108
24.2,3.395669656,0.083768422,38786.87766,1.593041543,60.31985907
24.3,3.658810106,0.084158442,38964.48076,1.590422119,60.50697417
24.4,3.318248962,0.084591807,39213.76121,1.586493005,60.75755417
24.5,3.772907992,0.084972772,39357.08215,1.585619853,60.95670603
24.6,3.40903101,0.085411826,39435.84532,1.586929572,61.13616066
24.7,3.708808935,0.085807524,39548.43501,1.58911241,61.40972042
24.8,3.408216021,0.086246441,39622.79885,1.590422127,61.5869865
24.9,3.991941272,0.086626865,39674.54957,1.592604957,61.76206562
25,3.471517317,0.087084949,39706.3163,1.595660957,61.94151973
25.1,3.905357605,0.087479833,39814.74846,1.597843791,62.20851441
25.2,3.470700377,0.087936342,39853.32885,1.60046322,62.37702634
25.3,3.765480683,0.08834502,39915.17573,1.602209489,62.548822
25.4,3.567307351,0.088789623,39957.56653,1.605265481,62.7446905
25.5,4.001146645,0.089193039,40040.87477,1.607011745,62.95150211
25.6,3.731361346,0.089646818,40226.31975,1.606138614,63.22177847
25.7,4.177690513,0.09005367,40404.01127,1.603519185,63.41436509
25.8,3.721381809,0.090524546,40732.23531,1.597407228,63.70980858
25.9,3.897918402,0.090954347,41025.38997,1.591295252,63.9330331
26,3.723891609,0.091410328,41276.24496,1.586492995,64.14203246
26.1,4.071962141,0.091832807,41600.64908,1.581254152,64.45717342
26.2,3.956223242,0.092289217,41853.2839,1.576451893,64.67054992
26.3,3.906266707,0.092743399,42059.12632,1.573395909,64.87845477
26.4,3.874629122,0.093198599,42292.31791,1.570339925,65.12356413
26.5,3.902945065,0.093651947,42555.92469,1.566410799,65.38180393
26.6,3.889626162,0.09411047,42804.79802,1.564664523,65.7046044
26.7,4.104464478,0.094555586,42914.14935,1.565537656,65.90813292
26.8,3.695616567,0.095045766,42986.72616,1.567720514,66.10509495
26.9,3.910454338,0.095495579,43103.10375,1.570339924,66.39506837
27,3.787219083,0.095970829,43179.26086,1.572522776,66.60187903
27.1,4.047854345,0.096422169,43245.67741,1.575142182,66.80540785
27.2,3.755582162,0.096913701,43355.13747,1.578198177,67.08881477
27.3,3.887149691,0.097378583,43464.65952,1.579071312,67.28577788
27.4,3.980413134,0.097848452,43608.82525,1.579507879,67.51885074
27.5,3.977084089,0.098327266,43717.81598,1.581254155,67.7552061
27.6,4.069514287,0.098801951,43839.41532,1.581690724,67.95873454
27.7,4.173601892,0.099278196,44042.61887,1.581690719,68.27496951
27.8,4.038706748,0.09977323,44181.17249,1.581690724,68.49272252
27.9,4.269362902,0.100245638,44282.08256,1.583000425,68.70500519
28,3.997073089,0.100754964,44361.0665,1.584746711,68.90306159
28.1,4.18026525,0.101235581,44495.74254,1.586929551,69.20507166
28.2,3.943780598,0.101747391,44514.61693,1.590858684,69.40312814
28.3,4.27685666,0.102222673,44539.73629,1.594351227,69.58805512
28.4,4.001234929,0.102742127,44539.66386,1.5991535,69.78939422
28.5,4.310162357,0.103224044,44492.82776,1.607884877,70.08265063
28.6,3.986243931,0.103751847,44419.0776,1.614869996,70.26101067
28.7,4.214399688,0.104244403,44335.79538,1.621855099,70.42405265
28.8,4.231884203,0.104753848,44183.06082,1.633205901,70.66259672
28.9,4.514997017,0.105247645,44091.53662,1.640191004,70.81579051
29,3.941269952,0.105802732,44054.47422,1.64542985,70.98430174
29.1,4.144443773,0.106307231,43991.97234,1.651105247,71.12764738
29.2,4.065334864,0.106833666,44091.57621,1.653288097,71.38807579
29.3,4.410898331,0.107333613,44194.71945,1.653288085,71.56424892
29.4,3.880470011,0.107896161,44287.81295,1.654161241,71.75792771
29.5,4.58742099,0.10837659,44441.03554,1.65328808,71.97458853
29.6,4.224363061,0.108932895,44638.67442,1.652414953,72.25580693
29.7,4.296802483,0.109462077,44823.5435,1.650232104,72.45824092
29.8,4.141916808,0.1100095,45043.48317,1.646739554,72.65848606
29.9,4.383391984,0.110532484,45271.1249,1.643246992,72.87076849
30,4.365899785,0.11107588,45539.54595,1.640191007,73.15964764
30.1,4.582393593,0.111605917,45722.57669,1.638008154,73.35879935
30.2,4.225162626,0.112177976,45900.33215,1.638008165,73.64767732
30.3,4.82219582,0.112687432,45962.465,1.639754425,73.82822798
30.4,4.560723746,0.113258384,46047.69048,1.641064141,74.03175563
30.5,4.85882005,0.113793761,46123.81053,1.642810409,74.24950963
30.6,4.554047378,0.114373172,46197.48937,1.644120126,74.44647175
30.7,5.041164006,0.11490119,46292.16131,1.644556681,74.63468162
30.8,4.733892612,0.115486339,46417.68586,1.645866398,74.919183
30.9,5.100268324,0.116028185,46525.09833,1.645866387,75.10848685
31,4.573998398,0.116634041,46654.6167,1.647176111,75.3918933
31.1,5.03363489,0.117175255,46714.59733,1.648922375,75.57244343
31.2,4.685560288,0.117774584,46811.2247,1.649795524,75.76721714
31.3,5.141032657,0.118321802,46908.53108,1.650668649,75.96089816
31.4,4.568963359,0.118942304,47054.63983,1.650232097,76.17317924
31.5,5.050248488,0.119493582,47295.89632,1.647176097,76.41391229
31.6,4.900353116,0.120090949,47590.39549,1.644120116,76.72686433
31.7,5.113510898,0.120666426,47789.18908,1.641937263,76.93367557
31.8,5.046883997,0.121263938,48031.52129,1.640190988,77.23240249
31.9,5.134304677,0.121853902,48177.39576,1.639754416,77.43264818
32,4.911131075,0.122468128,48359.19999,1.638008146,77.63945863
32.1,5.333293046,0.123041149,48694.52705,1.63364244,77.9677309
32.2,4.914436244,0.12367476,48925.01646,1.630586467,78.19642573
32.3,5.33326675,0.124254022,49114.65665,1.628403608,78.39886067
32.4,5.036814892,0.124885332,49249.99585,1.628840186,78.63740369
32.5,5.559731127,0.125463563,49302.75444,1.631896156,78.86828942
32.6,4.908551978,0.126125254,49400.42807,1.634952161,79.17029732
32.7,5.384004072,0.126712975,49478.96567,1.636698424,79.37929784
32.8,4.978468195,0.127364068,49567.24433,1.638008144,79.57735397
32.9,5.221598638,0.127973885,49671.76761,1.640627553,79.86404494
33,5.209925114,0.128604287,49758.13304,1.641937261,80.05991344
33.1,5.754489161,0.129199648,49844.26748,1.643246953,80.2557834
33.2,5.694518818,0.129839482,50015.52989,1.644120094,80.55888724
33.3,5.706159574,0.130477595,50175.94999,1.643246955,80.76460396
33.4,5.467159806,0.131136153,50502.022,1.63800813,81.01846655
33.5,5.824366781,0.131757082,50857.00924,1.632332718,81.29640375
33.6,5.540400931,0.132425099,51136.57148,1.628403603,81.54479518
33.7,6.053320468,0.133041797,51497.83444,1.624037894,81.90042376
33.8,5.686084714,0.133721996,51691.96037,1.622291628,82.12802436
33.9,6.012480599,0.134357965,51885.56607,1.620545341,82.35781511
34,5.556146085,0.135050879,52030.6995,1.621855063,82.67623715
34.1,5.989958402,0.135686136,52095.87076,1.623601327,82.88633175
34.2,5.741795994,0.136371413,52138.20213,1.627530458,83.1872468
34.3,6.207249812,0.137011153,52057.50748,1.633205846,83.372174
34.4,5.781723344,0.137715211,51839.55361,1.643246953,83.56804184
34.5,6.063151558,0.13837429,51619.93448,1.653288039,83.76391074
34.6,5.756699178,0.139077038,51400.35422,1.662892574,83.91819769
34.7,6.079761172,0.139740103,51211.64348,1.673370228,84.16768469
34.8,5.945675139,0.140437864,51103.56055,1.679918772,84.32634893
34.9,6.044742325,0.141123101,51013.56145,1.68603074,84.48391939
35,5.645859586,0.141845948,50939.03209,1.693889,84.72683912
35.1,6.256198538,0.14250317,50927.92823,1.697818105,84.88769356
35.2,5.816513111,0.143235747,50912.26107,1.701747243,85.04745142
35.3,6.300282145,0.143908592,51049.01581,1.702620366,85.30569268
35.4,6.157866767,0.144627826,51237.13082,1.701310663,85.53548239
35.5,6.290239172,0.145331763,51481.45543,1.697818104,85.74995308
35.6,5.794761759,0.14608239,51702.68211,1.694762135,85.95238615
35.7,6.279361829,0.146769427,51932.35789,1.693015842,86.23798314
35.8,5.862989276,0.147521794,52137.49051,1.690396439,86.44151047
35.9,6.589069038,0.148199508,52384.85433,1.686467293,86.65379464
36,5.798817167,0.148984683,52779.71562,1.679918778,86.98534646
36.1,6.689768996,0.149658406,53035.44134,1.675989626,87.20529079
36.2,6.091868013,0.150437706,53326.62121,1.671187382,87.43179635
36.3,6.404098397,0.151158424,53812.14021,1.662892555,87.78961292
36.4,6.431547863,0.151902316,53978.1424,1.660273139,87.92529879
36.5,6.412366172,0.152653125,54390.55302,1.655034307,88.32141254
36.6,5.839444185,0.153445727,54611.54989,1.652851478,88.56323766
36.7,6.644626187,0.154147708,54891.3639,1.64892233,88.80397208
36.8,6.46057027,0.154921077,55243.13271,1.644993212,89.16507038
36.9,6.589605906,0.155676855,55381.58419,1.644993208,89.38829504
37,6.234847336,0.156469623,55472.85207,1.646302927,89.60276486
37.1,6.787722045,0.157204081,55493.25113,1.651541742,89.92447205
37.2,6.458776023,0.158002736,55382.64989,1.658090292,90.10502079
37.3,6.700223217,0.158766224,55219.76682,1.665948532,90.27353367
37.4,6.315485953,0.159576536,54974.95461,1.676426208,90.44532834
37.5,6.836716572,0.160328743,54768.12675,1.686030717,90.63353846
37.6,6.757576183,0.161125886,54490.59055,1.69869123,90.865517
37.7,6.908258179,0.161911285,54243.95989,1.70873232,90.99901397
37.8,6.707543906,0.162724727,53985.83253,1.71920999,91.12375692
37.9,6.902357623,0.163515086,53681.54441,1.732307063,91.30868358
38,6.779082723,0.164331258,53550.19916,1.738855607,91.44218023
38.1,8.162146254,0.16504816,53471.73003,1.744094395,91.58881234
38.2,8.485192146,0.165849555,53507.44402,1.747150369,91.8207919
38.3,8.854871149,0.166627199,53705.39175,1.744094372,92.00243624
38.4,8.766565561,0.167473082,54179.71707,1.733616712,92.2606766
38.5,9.050474484,0.168281172,54744.79186,1.720956193,92.54517901
38.6,8.686549939,0.169129473,55422.91542,1.70523971,92.83624539
38.7,8.760619651,0.16996023,56657.20853,1.676426133,93.30239091
38.8,8.904634959,0.170790377,57699.71603,1.652414817,93.66239582
38.9,9.063638228,0.171623665,58905.47431,1.625347516,94.05741591
39,8.975331646,0.172478105,61008.18127,1.58038088,94.71833577
39.1,8.892020715,0.173336467,62646.09959,1.546765046,95.2019883
39.2,8.624684466,0.174211789,64433.51351,1.511839509,95.71518526
39.3,8.975204779,0.175049087,66956.14442,1.466436292,96.49537799
39.4,8.851923159,0.175923086,67883.5226,1.45115637,96.81598948
39.5,9.076706063,0.176777578,70204.86643,1.415357681,97.68919193
39.6,8.699452537,0.177677665,71359.97362,1.399204627,98.19035187
39.7,9.37305512,0.178510138,72450.22194,1.384797822,98.69260898
39.8,9.014536144,0.179417631,73703.25602,1.370827614,99.42684199
39.9,9.216834347,0.180291125,74286.70743,1.366025346,99.88642216
40,8.902446988,0.18120444,74699.01286,1.364279077,100.329588
40.1,9.075599945,0.182088927,74829.87711,1.369954474,100.9303246
40.2,8.971049782,0.182996897,74739.37622,1.376939585,101.3154966
40.3,9.220392971,0.18388507,74773.84803,1.384361257,101.8910661
40.4,9.341501148,0.184786565,74793.02676,1.387417239,102.143836
40.5,9.932663131,0.185660277,75068.41936,1.392656056,102.8780713
40.6,9.57080923,0.186603791,75205.98233,1.39614862,103.3026349
40.7,9.614059171,0.187524239,75315.75811,1.399641173,103.6976546
40.8,9.872142969,0.188434585,75430.75292,1.406189706,104.329031
40.9,9.927049522,0.189363419,75539.82258,1.409682259,104.7426528
41,9.699673132,0.19031627,75785.91724,1.410991973,105.1956671
41.1,9.695457501,0.191258542,76192.82332,1.411865111,105.8533037
41.2,9.642945211,0.19220889,76493.45395,1.411865113,106.2877164
41.3,9.96431083,0.193138361,76746.40239,1.412738243,106.715564
41.4,9.582051627,0.194120764,77176.04118,1.411865115,107.2331379
41.5,10.00916795,0.195052547,77674.04218,1.410118826,107.7912002
41.6,9.706846012,0.196039044,78250.84903,1.409245696,108.5112083
41.7,9.908301829,0.196995932,78678.03299,1.407935983,108.9872021
41.8,9.899086153,0.197972047,79191.30263,1.405753136,109.4982118
41.9,9.931504485,0.198950164,79790.89263,1.402260581,110.0201627
42,10.00056066,0.199930738,80376.66661,1.40226058,110.7708109
42.1,10.16704117,0.200909501,80625.80696,1.404443422,111.2544642
42.2,10.22527122,0.201900606,80896.07844,1.406189698,111.7403066
42.3,10.38259098,0.202889886,81042.76411,1.409682248,112.210829
42.4,10.21765856,0.203906228,81132.82048,1.414484514,112.7240266
42.5,10.65309609,0.204886458,80995.78134,1.423215889,113.2339427
42.6,10.52563363,0.205910219,80911.29475,1.432820417,113.8959566
42.7,10.65380685,0.206921584,80956.71527,1.437622676,114.3621022
42.8,10.29735305,0.207971298,80943.46433,1.443298086,114.8173043
42.9,10.60538642,0.208980637,80875.3264,1.449846617,115.2604713
43,10.57035033,0.210018588,80913.00225,1.456831727,115.9093548
43.1,10.50450404,0.211063889,81098.66993,1.459014575,116.3744052
43.2,10.37287452,0.212118889,81368.77958,1.459887717,116.8482102
43.3,10.64676512,0.213151347,81816.72722,1.458141433,117.3417123
43.4,10.28198078,0.214232849,82449.54821,1.454212319,117.9074324
43.5,10.42763567,0.215284709,83185.16511,1.448973484,118.5158287
43.6,10.57412263,0.216341811,84175.79814,1.442424941,119.3452624
43.7,10.7572474,0.217401678,84731.38828,1.43980552,119.8880043
43.8,10.67307761,0.218485201,85251.23191,1.437622676,120.4296527
43.9,10.64386481,0.219570379,85826.29157,1.434566692,120.9800536
44,10.691259,0.220655725,86611.77226,1.431074136,121.7722829
44.1,11.00261573,0.221728435,87055.29246,1.430200989,122.3117428
44.2,10.70027825,0.222848636,87266.31509,1.432383844,122.7964898
44.3,11.00913564,0.223932484,87277.97826,1.437622667,123.2834261
44.4,10.45532406,0.225080963,87177.43754,1.44504436,123.8053763
44.5,10.90407231,0.226166401,86922.29638,1.455085442,124.3262346
44.6,10.67001294,0.227304146,86402.70086,1.471238512,124.9849654
44.7,10.96138121,0.228411523,86086.36378,1.481279598,125.3887402
44.8,10.91717418,0.229547479,85810.04271,1.490884124,125.7870428
44.9,11.19188731,0.23066724,85321.77168,1.506600609,126.3691787
45,10.99612913,0.231824911,84971.3132,1.51751485,126.7587266
45.1,11.31247551,0.232953209,84645.70021,1.527992502,127.141711
45.2,11.00346995,0.234130118,84377.41736,1.537597035,127.5214108
45.3,11.42639949,0.235262684,84299.8999,1.546328409,128.09917
45.4,10.90172551,0.23646595,84278.00174,1.549820978,128.3420886
45.5,11.33631136,0.237609391,84531.98005,1.554186658,129.0675703
45.6,10.8907417,0.238819,84763.68464,1.555059811,129.4899442
45.7,11.00973613,0.23999593,84985.06678,1.556369514,129.9320169
45.8,10.99716463,0.241187762,85253.55277,1.556806085,130.3817487
45.9,11.46505538,0.242352615,85654.61084,1.55724264,131.0317282
46,11.13356169,0.243578133,85926.55365,1.557679219,131.4803643
46.1,11.57397223,0.244756864,86098.25481,1.559425483,131.8907056
46.2,11.54890758,0.245973421,86302.06279,1.56291804,132.5100442
46.3,11.90438221,0.247169939,86400.7588,1.565974013,132.9280448
46.4,12.19407351,0.248377005,86513.88933,1.569029992,133.369024
46.5,12.14152793,0.249613624,86572.08755,1.573395685,133.8329807
46.6,12.21638342,0.250847639,86622.39499,1.577324807,134.2466031
46.7,12.79168573,0.25205352,86745.39929,1.579944204,134.6678874
46.8,12.47101137,0.253326952,86935.61791,1.583436769,135.2751881
46.9,12.81149326,0.254561374,87095.79191,1.585183035,135.6975655
47,12.59740194,0.255840024,87287.49717,1.586492752,136.1232232
47.1,12.86294013,0.257092201,87728.62746,1.585619603,136.737092
47.2,12.80039718,0.258373141,88138.68927,1.583436759,137.193389
47.3,13.13921074,0.259632949,88668.32704,1.579071057,137.6485929
47.4,12.67114559,0.260954492,89313.75742,1.573832239,138.1913339
47.5,13.11987291,0.262219706,90034.0818,1.567720255,138.7636222
47.6,13.01902316,0.263528966,90587.09998,1.563791137,139.270254
47.7,13.28372419,0.264819687,91270.05776,1.560298574,140.0143372
47.8,13.02632694,0.266152759,91629.55511,1.559425443,140.4990834
47.9,13.33349369,0.267453749,91923.54576,1.559425434,140.9510048
48,12.98449885,0.268806284,92226.14273,1.559425445,141.4291861
48.1,13.11679886,0.270132577,92521.166,1.561608287,142.0966711
48.2,12.95182726,0.271485892,92681.92985,1.563791138,142.5518741
48.3,13.39805037,0.272804053,92716.39103,1.567720249,142.9611207
48.4,13.1564696,0.274176035,92548.75833,1.575141934,143.3845901
48.5,13.14554356,0.275539062,92485.6148,1.581253904,143.8529236
48.6,12.99389188,0.276918552,92626.54677,1.58605617,144.5072778
48.7,13.69574807,0.278246426,92848.24844,1.587365858,144.9581068
48.8,13.36756424,0.279651613,93149.78608,1.587365867,145.3947067
48.9,13.54648864,0.281029062,93635.58309,1.587365862,146.088454
49,13.49892018,0.282428949,93969.20062,1.586929294,146.5294324
49.1,13.67701028,0.283820316,94198.35586,1.588238997,146.9791644
49.2,13.47122882,0.285245067,94434.68226,1.589112142,147.4059168
49.3,13.70594029,0.286646715,94770.08532,1.590421843,148.0318218
49.4,13.59841478,0.288078853,95047.40781,1.592168123,148.6106738
49.5,13.58248448,0.289511899,95033.55827,1.596533816,148.9849023
49.6,13.43249003,0.290961323,94988.5423,1.601772652,149.3974304
49.7,13.66886355,0.292391492,94935.82964,1.607011476,149.8044872
49.8,13.28488115,0.293871395,94897.43784,1.613560027,150.3899034
49.9,13.66197782,0.295306498,94896.19385,1.617489139,150.795867
50,13.55861071,0.296781745,94922.94891,1.620981696,151.2018294
50.1,13.87075575,0.298235923,95028.66478,1.623164533,151.6176411
50.2,13.62749479,0.299735413,95114.80958,1.627530233,152.1997753
50.3,13.99542844,0.301200529,95143.72158,1.631022777,152.5947961
50.4,13.97449434,0.302699709,95242.74622,1.633642193,153.0171726
50.5,14.05847849,0.304199152,95510.58049,1.63407876,153.5194277
50.6,14.0616907,0.305711672,95738.05005,1.634515329,153.9494645
50.7,14.82181851,0.307179803,95977.0248,1.636698152,154.5523926
50.8,14.55773504,0.308725609,95995.5276,1.640627284,154.9419405
50.9,14.6883464,0.310252063,96046.31907,1.644119834,155.3314896
51,14.71653583,0.311793182,96099.92051,1.647175818,155.6980601
51.1,15.07363745,0.313319481,96205.0121,1.6515415,156.2550287
51.2,14.72211781,0.314902031,96405.77999,1.652414649,156.6588014
51.3,15.04590997,0.31644619,96695.17009,1.65197807,157.0757068
51.4,14.74601538,0.318040881,97069.30795,1.650668372,157.5484172
51.5,15.15557292,0.319594867,97485.22416,1.648922082,158.0375431
51.6,15.02304746,0.321193844,97873.56269,1.647175809,158.482898
51.7,14.97628828,0.32279497,98606.0231,1.642373549,159.1777383
51.8,14.81128599,0.324412209,99168.34316,1.638007861,159.6592027
51.9,15.43317612,0.32598358,99648.12121,1.634951858,160.1319164
52,15.26317583,0.327617144,100104.7147,1.632332447,160.6035328
52.1,15.32133202,0.329243223,100530.627,1.6301496,161.0729607
52.2,15.10303373,0.330896447,101036.0734,1.628839898,161.7623303
52.3,15.37685507,0.332524206,101300.7545,1.62883989,162.2120629
52.4,15.25764514,0.334187075,101532.088,1.629713032,162.703376
52.5,15.92949105,0.335803973,101711.103,1.631459289,163.1979747
52.6,15.57879101,0.337499156,101924.4843,1.632332438,163.6477053
52.7,16.10991014,0.339142318,102044.9401,1.634515269,164.0810257
52.8,15.94156756,0.340841705,102291.1033,1.63669812,164.7145898
52.9,16.0904794,0.342527855,102500.0378,1.637571254,165.1577562
53,15.92879639,0.344243753,102854.8729,1.636261551,165.6228073
53.1,16.42660392,0.345923028,103253.7281,1.634515259,166.0955198
53.2,16.14917482,0.347663911,103737.4272,1.633642129,166.7892667
53.3,16.38468259,0.349378287,104128.1419,1.632332415,167.2597894
53.4,16.33957237,0.351120553,104624.2182,1.63014957,167.7926841
53.5,16.6550165,0.352846748,104920.2414,1.631022699,168.3354271
53.6,16.57493121,0.3546088,105102.1994,1.632332409,168.7665573
53.7,16.99279434,0.356345473,105307.8061,1.633205535,169.2009715
53.8,16.75199759,0.358136061,105608.9664,1.634951819,169.88487
53.9,17.23730666,0.359885781,105806.6878,1.636261513,170.3378866
54,17.23049411,0.361678058,105925.1274,1.638444359,170.7526037
54.1,17.39521494,0.363467567,106039.4695,1.6406272,171.1902991
54.2,17.26099854,0.365286502,106350.5758,1.641936912,171.8654441
54.3,17.66969583,0.367077311,106612.963,1.6419369,172.3239314
54.4,17.39142172,0.368924264,106795.9444,1.643683185,172.8393172
54.5,17.52782682,0.370751982,107233.1777,1.641936904,173.3798707
54.6,17.28951975,0.372614615,107580.8525,1.641063773,173.835073
54.7,17.72652427,0.374440225,108076.3114,1.638444345,174.3384246
54.8,17.16013466,0.376343868,108789.4698,1.634951808,175.0945408
54.9,17.68956575,0.378181815,109215.9883,1.633205515,175.5957039
55,17.44958897,0.380081759,109586.3517,1.632332384,176.0881109
55.1,17.66259518,0.381960132,109880.1956,1.632768947,176.5673876
55.2,17.61080443,0.383866157,110079.6998,1.634515225,177.0302507
55.3,17.8646103,0.385760733,110288.7524,1.638007772,177.683512
55.4,17.67792135,0.387695021,110419.9605,1.638880916,177.9647308
55.5,18.24148616,0.389587506,110766.4528,1.641063745,178.7241346
55.6,17.65510314,0.391568418,111073.2845,1.641063763,179.2088794
55.7,18.18202727,0.39348286,111319.2065,1.641936885,179.6837814
55.8,17.96119119,0.395477848,111603.8569,1.644119738,180.3304757
55.9,18.28576907,0.397425624,111746.225,1.646302575,180.758324
56,17.84760055,0.399435508,111999.151,1.647175727,181.2266562
56.1,18.28459409,0.401355525,112213.0995,1.648485421,181.6884266
56.2,17.93551658,0.403419113,112766.7174,1.647175724,182.4171879
56.3,18.39415548,0.405377349,113139.8355,1.646302572,182.9052203
56.4,18.08838025,0.407417996,113553.1439,1.645429443,183.4468672
56.5,18.0540612,0.409450268,113715.3924,1.648048859,183.9633462
56.6,18.26038638,0.411496662,113632.9788,1.653287684,184.3879134
56.7,18.44589786,0.413513691,113412.3368,1.660272786,184.785122
56.8,18.12596213,0.415596141,113319.6598,1.667257903,185.4044595
56.9,18.70533182,0.41762725,113407.7272,1.669877301,185.8355923
57,18.45034362,0.419725814,113325.7531,1.67467957,186.236083
57.1,18.89981106,0.421786556,113294.5538,1.67860868,186.6146912
57.2,18.93917682,0.423885801,112995.6979,1.687776632,187.1453981
57.3,19.26248908,0.42597614,112737.7522,1.69476173,187.4933667
57.4,19.03372578,0.42811485,112560.1205,1.700873706,187.8894808
57.5,19.52232481,0.430215029,112445.6113,1.706112522,188.2965394
57.6,19.13659673,0.432385743,112478.8683,1.708731949,188.658731
57.7,19.69180856,0.434502793,112605.0292,1.711787916,189.2189836
57.8,19.22239251,0.436700744,112627.2438,1.714843916,189.5899283
57.9,19.66269043,0.438847298,112535.246,1.719209594,189.9182014
58,19.73119043,0.441030106,112717.444,1.721392438,190.4675109
58.1,19.89045251,0.443217588,112981.0417,1.720955864,190.8701903
58.2,19.69290511,0.445440419,113317.6885,1.719646163,191.2838127
58.3,19.96999044,0.447641882,113705.3201,1.717463308,191.6886809
58.4,19.39939475,0.449912519,114094.4634,1.715717049,192.135128
58.5,19.90047145,0.452120981,114652.0463,1.71222448,192.6614588
58.6,19.64296508,0.454392575,115441.7001,1.706549088,193.3158124
58.7,19.99498742,0.456633713,116034.296,1.702183385,193.7972789
58.8,19.9789589,0.458911314,116659.365,1.697381124,194.2907814
58.9,20.07201161,0.461192893,117355.9931,1.691705721,194.8017899
59,20.25249558,0.46347991,118244.9167,1.685593747,195.5546282
59.1,20.27643225,0.465789076,118651.0371,1.683847469,196.0087363
59.2,20.07054478,0.468125591,119069.9567,1.682101199,196.4902008
59.3,20.38841877,0.470437869,119489.5121,1.682101189,197.1817609
59.4,20.09509601,0.472803603,119689.1291,1.681664629,197.4695443
59.5,20.44877302,0.475136794,119761.5951,1.68603031,198.144691
59.6,20.14878599,0.477526555,119693.1309,1.689959442,198.5331441
59.7,20.3717277,0.479892363,119494.8143,1.695634835,198.918317
59.8,20.2257858,0.482295337,119365.2502,1.700437101,199.3056777
59.9,20.43123822,0.484686259,119225.3729,1.706985633,199.8834349
60,20.71412953,0.487083862,119069.4464,1.711787886,200.230312
60.1,21.08611742,0.489487355,118926.387,1.716590135,200.5936008
60.2,21.21745612,0.491919381,118843.6231,1.721828962,201.1297795
60.3,21.36711262,0.494362331,118932.0117,1.723575234,201.518234
60.4,21.4093505,0.496824956,119156.9584,1.724448371,202.03581
60.5,21.83712303,0.499273409,119419.0207,1.724011788,202.4352091
60.6,21.75945051,0.501768841,119742.2658,1.723138653,202.8641507
60.7,21.95406659,0.50425806,120089.2115,1.721828939,203.2777739
60.8,21.7781336,0.506785261,120490.8324,1.721828944,203.910243
60.9,22.04852166,0.509294391,120737.8712,1.721828936,204.3074523
61,21.76516856,0.511854161,121026.9474,1.721392376,204.735299
61.1,21.95811338,0.514394037,121514.4759,1.718336385,205.1981618
61.2,21.9528762,0.516960246,122182.9471,1.714843832,205.8875333
61.3,22.17912569,0.519523477,122685.5283,1.71178784,206.3361712
61.4,21.85496475,0.522137294,123232.9423,1.708731868,206.8624992
61.5,22.08037854,0.524726516,123783.5051,1.705675875,207.4052414
61.6,22.20003902,0.527335924,124404.8565,1.701310179,207.9195357
61.7,22.83679926,0.529922926,124929.822,1.698254175,208.4239829
61.8,23.16296415,0.532544237,125857.7264,1.691705627,209.2173095
61.9,23.72228106,0.535162639,126343.0894,1.689086194,209.7305099
62,23.7420125,0.537831241,126816.6708,1.686903348,210.2415208
62.1,24.10647657,0.540489526,127147.2867,1.686466767,210.730647
62.2,23.85974372,0.543203076,127526.7981,1.686903344,211.4254879
62.3,24.08181446,0.545898059,127694.935,1.688213045,211.8927277
62.4,24.09904157,0.548620606,127958.47,1.689522752,212.4978426
62.5,24.16289782,0.551353577,128023.5408,1.692142165,212.9245956
62.6,24.10018339,0.554108963,128024.6187,1.695634723,213.3360293
62.7,24.30392856,0.556859886,128151.4486,1.697817558,213.7879513
62.8,24.34446465,0.559635721,128607.9316,1.69825413,214.4981124
62.9,24.7663717,0.562399355,129000.0522,1.697380976,214.9883343
63,24.78608727,0.565204433,129438.2102,1.695634701,215.4643282
63.1,24.84993385,0.568020515,129965.369,1.69301528,215.9829972
63.2,24.94958451,0.570848239,130734.139,1.689522728,216.7620963
63.3,24.97845476,0.573695013,131316.9154,1.68646674,217.2960849
63.4,24.85494086,0.576566504,132088.6612,1.681664485,217.915423
63.5,25.12612093,0.579425318,132887.3468,1.676862213,218.5872875
63.6,24.94598069,0.58232941,133517.1854,1.673369667,219.1617614
63.7,25.77089706,0.585179056,134064.9878,1.670750226,219.7296774
63.8,25.56077658,0.588114083,134375.8641,1.670750233,220.2647585
63.9,25.98849587,0.591019983,134745.8463,1.672059927,221.0471423
64,25.8716334,0.593977833,135110.3185,1.671623363,221.5844126
64.1,26.17361289,0.596921782,135420.1536,1.671623351,222.0877646
64.2,26.07256812,0.599908103,135784.5254,1.671186788,222.6272234
64.3,26.08060416,0.6029019,136305.2836,1.670750217,223.4347716
64.4,25.7996946,0.605930594,136466.7585,1.671186796,223.7553813
64.5,26.10000174,0.608934518,137209.9578,1.669003938,224.6712613
64.6,26.02726148,0.611979082,137759.5179,1.666821099,225.2555842
64.7,26.29092668,0.615015876,138563.6451,1.662018828,225.8814907
64.8,26.25731935,0.618088278,139463.0386,1.65634343,226.5281854
64.9,26.33778893,0.621168196,141071.205,1.644992627,227.5294144
65,26.07685331,0.624286992,142008.3019,1.639317239,228.2045576
65.1,26.25391146,0.627391397,142838.0593,1.634951539,228.869856
65.2,26.49258694,0.630507111,143509.7631,1.632332118,229.5176475
65.3,26.50643398,0.633653861,144439.9893,1.629276134,230.4849535
65.4,26.5577503,0.63681381,144738.2593,1.628839565,230.8690323
65.5,26.83888754,0.639973823,145170.1497,1.63145897,231.8571313
65.6,26.70201195,0.643178385,145333.7659,1.634078389,232.4513025
65.7,27.10804917,0.646361715,145140.0416,1.640190345,232.9874826
65.8,26.79297395,0.649610486,144846.665,1.647175461,233.4995844
65.9,27.1998401,0.652825974,143962.0619,1.662018801,234.1769207
66,27.11125312,0.656091588,143452.7934,1.670750187,234.5938253
66.1,27.14673522,0.659365081,142870.4613,1.680354707,235.0129181
66.2,26.99236183,0.662667952,142402.6235,1.688649526,235.4363881
66.3,27.58074705,0.665936458,141480.5457,1.70305629,235.9835113
66.4,27.63037917,0.669258272,141165.454,1.708295119,236.2165854
66.5,27.72081121,0.672593981,140371.4685,1.72182876,236.8315473
66.6,27.5764224,0.675962482,139792.4248,1.730996717,237.1795151
66.7,27.90083677,0.679315665,139333.3766,1.738854951,237.5307673
66.8,27.7689344,0.682717011,138991.974,1.745403493,237.8896772
66.9,27.90848739,0.686116767,138774.4772,1.751952026,238.4597763
67,27.59755246,0.689564469,138713.1261,1.755444589,238.8427577
67.1,27.90114162,0.692987248,138642.4907,1.758937133,239.1972927
67.2,27.89913111,0.696448201,138745.4789,1.760683409,239.5955963
67.3,28.47833703,0.699886582,139219.2665,1.759810252,240.2444837
67.4,27.82848877,0.703426525,139454.4376,1.758937135,240.5180396
67.5,28.27862349,0.706908765,140047.1214,1.755881137,241.0728206
67.6,28.00681293,0.710457949,141088.4725,1.748896039,241.820185
67.7,28.50857041,0.713971864,141751.4236,1.744530331,242.3169718
67.8,28.12350973,0.717564228,142249.4708,1.742347498,242.8115661
67.9,28.45872484,0.721125159,143005.0894,1.738854934,243.5403302
68,28.1952329,0.724745017,143666.5055,1.73492582,244.0721296
68.1,28.47049005,0.728346071,144159.8753,1.732742966,244.584234
68.2,28.33522836,0.731993303,144444.1038,1.73274297,245.0656994
68.3,28.90941741,0.735610145,144604.9897,1.735362367,245.7178692
68.4,28.74583998,0.739295755,144573.4798,1.737545218,245.9739205
68.5,29.09686354,0.742964515,144547.9324,1.742347467,246.6676698
68.6,28.78672818,0.746697018,144439.5026,1.7462766,247.0758199
68.7,29.22851077,0.750396604,144316.9282,1.750205708,247.4500515
68.8,29.55121636,0.754122949,144358.2771,1.752388543,247.8724318
68.9,29.54417408,0.757890566,144387.3253,1.755881097,248.4939578
69,29.53629691,0.761677126,144297.8746,1.75937365,248.8846026
69.1,29.84817094,0.765460727,144233.374,1.762429624,249.2511735
69.2,30.22415998,0.769258896,144751.5127,1.760683335,249.9317946
69.3,31.06395578,0.773044235,145227.3995,1.758063893,250.4121715
69.4,30.73381831,0.776928818,145579.0228,1.755881058,250.7174624
69.5,31.39458103,0.780764889,146283.4971,1.753261622,251.5206383
69.6,31.55156338,0.784654759,146583.8229,1.752825048,251.9616191
69.7,32.22897541,0.788528417,146980.1885,1.751515319,252.4430882
69.8,32.10616901,0.792476389,147350.3089,1.751951892,253.1040095
69.9,32.54625952,0.796405473,147761.9689,1.75064217,253.5865709
70,32.6690924,0.800376095,148476.3669,1.746276475,254.123844
70.1,33.07836872,0.804346922,149016.0955,1.743657048,254.6129717
70.2,33.00967803,0.808370434,149464.3176,1.74365705,255.3296986
70.3,33.26157107,0.812392133,149761.3782,1.743657042,255.7805257
70.4,33.00052404,0.81646916,150142.5203,1.743220481,256.3167022
70.5,33.62129452,0.820506111,150910.0058,1.73885477,256.95793
70.6,33.29695824,0.824628145,151723.2017,1.733615951,257.5422518
70.7,33.52469377,0.828732945,152590.9651,1.727940546,258.1440847
70.8,33.51844069,0.832874403,153552.8803,1.721392009,258.7699895
70.9,34.11755164,0.83699502,154970.0374,1.71178747,259.7000973
71,34.01553428,0.841184432,155773.2942,1.706985213,260.3292849
71.1,34.4247868,0.845359739,156654.7556,1.701309802,260.9497205
71.2,34.36356643,0.849588289,158086.6861,1.692141852,261.9586098
71.3,34.42891264,0.853829308,158935.4873,1.686903021,262.5987383
71.4,34.65663114,0.858080442,160081.6276,1.679481339,263.3855
71.5,34.90100098,0.862351707,160805.1985,1.676425348,264.1306772
71.6,34.8306111,0.866666048,161276.3128,1.675552212,264.7751847
71.7,34.97671839,0.870987111,161774.3109,1.6742425,265.3934296
71.8,35.02706369,0.875336369,162350.5003,1.674242499,266.3454194
71.9,35.02744498,0.879710884,162413.8439,1.677298483,266.9264594
72,35.09194094,0.884102913,162333.5849,1.681664172,267.4790514
72.1,35.19390544,0.888514378,162529.1253,1.685156721,268.3106727
72.2,35.11017726,0.892960679,162717.3415,1.686903001,268.8577926
72.3,35.36535176,0.897406018,162973.8702,1.6882127,269.4443058
72.4,35.0384726,0.901913584,163222.2935,1.689958987,270.0888107
72.5,35.32694952,0.906401463,163534.4457,1.691268685,270.7902199
72.6,35.40225491,0.910926521,163958.4201,1.690832114,271.4161256
72.7,35.60329401,0.915465622,164371.6396,1.690395538,272.0420309
72.8,35.25725243,0.920065019,165145.0242,1.688212704,273.010431
72.9,36.08113913,0.924607136,165885.1568,1.684720125,273.6954303
73,35.61268664,0.929260693,166693.8041,1.680791018,274.3968352
73.1,35.90780915,0.9338852,167146.3671,1.679917871,275.0161751
73.2,35.8265526,0.938558682,167580.2144,1.681227581,275.9550331
73.3,36.01341985,0.943237234,167621.0274,1.684283559,276.5393572
73.4,35.86554256,0.94796217,167334.7962,1.690395531,277.0963249
73.5,36.5570151,0.952653312,167087.2825,1.696507476,277.6926897
73.6,36.4849072,0.957420323,166742.295,1.703056015,278.1971351
73.7,36.89742272,0.962177985,166175.5389,1.711787384,278.649058
73.8,36.71039229,0.967048947,165202.2237,1.72619417,279.2673028
73.9,36.89058137,0.971870931,164596.8032,1.735362115,279.6634174
74,36.92837748,0.976726841,164017.776,1.744093495,280.0474973
74.1,37.13521273,0.981546532,163617.4812,1.751078594,280.445801
74.2,37.23295696,0.986446795,163129.6961,1.760246542,281.0399748
74.3,37.56301912,0.991355697,162987.0604,1.764612222,281.4535994
74.4,37.72987099,0.996300371,163043.3323,1.767231631,281.9153706
74.5,38.19732143,1.001249236,162950.6353,1.771597306,282.4034043
74.6,38.05607184,1.006264663,163029.8973,1.773780156,282.8421944
74.7,38.47980018,1.011266505,163364.502,1.773343574,283.3247565
74.8,38.26526792,1.016337408,163969.4875,1.771597304,284.0710269
74.9,38.81889017,1.021380994,164417.5163,1.76985101,284.5557789
75,38.72925566,1.026494014,164880.4346,1.768104737,285.0700714
75.1,38.77451412,1.031623383,165329.73,1.766358459,285.5624779
75.2,39.29440347,1.036745935,166323.6582,1.761119613,286.3973894
75.3,39.72935534,1.041899952,166987.6257,1.757627047,286.9631134
75.4,39.89326329,1.047098371,168027.2199,1.751078506,287.6513931
75.5,40.1687488,1.052315223,168991.8268,1.745403099,288.3473301
75.6,40.41633615,1.057559935,169643.3253,1.742347108,288.9480714
75.7,40.93204694,1.062812449,170256.0598,1.739727677,289.5466237
75.8,41.10718405,1.068114661,170953.9579,1.737981395,290.4121701
75.9,41.14242599,1.073453029,171423.5132,1.736671687,290.9636656
76,41.32588381,1.078807995,171876.0014,1.735798543,291.5414275
76.1,41.72916893,1.084174707,172227.9138,1.73579853,292.1038685
76.2,41.78771686,1.089591976,172818.299,1.73492539,292.934398
76.3,41.87540581,1.095034347,173357.6218,1.733179111,293.5307583
76.4,41.82070143,1.100513809,173849.7186,1.732305975,294.1785482
76.5,41.81678801,1.106017226,174563.0591,1.729686561,294.9073105
76.6,42.17592465,1.111523283,175609.0074,1.723574583,295.5780838
76.7,42.41848134,1.117064965,176782.7544,1.71658947,296.2794921
76.8,42.45119668,1.122648786,178484.7352,1.706984951,297.3967129
76.9,42.66043925,1.128248478,179477.9425,1.701746116,298.09812
77,42.59822129,1.133894879,180447.1839,1.696943858,298.8389209
77.1,42.72252283,1.139556747,181978.8487,1.689085612,299.9462906
77.2,43.26316654,1.145218426,182670.4214,1.68690275,300.6641192
77.3,43.53817854,1.150926688,182904.2911,1.688212448,301.2812706
77.4,43.45096668,1.156688153,183086.6247,1.690395296,301.9936216
77.5,43.64686638,1.162459107,183164.4018,1.693451273,302.6994063
77.6,43.5305036,1.16828041,182920.91,1.698690105,303.2793536
77.7,44.10610362,1.174083387,182583.9541,1.706111761,304.1339583
77.8,44.37443729,1.179936516,182734.1309,1.707858028,304.7543967
77.9,44.88424791,1.185802422,182984.5855,1.708731151,305.3879644
78,45.13259017,1.191715661,183242.6483,1.709604281,306.0204395
78.1,45.23687344,1.197668457,183455.3753,1.710913985,306.6408724
78.2,45.21874768,1.203659401,184351.8697,1.707858002,307.6672704
78.3,45.46541415,1.209662204,185287.5299,1.703055735,308.3774329
78.4,45.38732765,1.215717434,186466.5285,1.696943771,309.2342226
78.5,45.59485062,1.221783354,187713.2008,1.690831799,310.166515
78.6,45.79487583,1.227880203,188457.4218,1.688212378,310.9270155
78.7,46.0665089,1.234002688,189343.5814,1.686029525,312.0037484
78.8,46.01005818,1.240178357,189778.6173,1.686029527,312.7215703
78.9,46.25503798,1.246364277,190099.8324,1.686902657,313.4218842
79,46.16110897,1.252604473,190346.7703,1.688212367,314.1112562
79.1,46.83991349,1.258822897,190465.0346,1.690395191,314.7798409
79.2,46.58360248,1.265136704,190395.7533,1.695634027,315.6957188
79.3,46.82606966,1.271447853,190007.6909,1.701745986,316.2286145
79.4,46.91365265,1.277801275,189412.8782,1.710040794,316.8173185
79.5,47.27518724,1.284167757,189211.0079,1.715279611,317.4651087
79.6,47.61340278,1.290567695,189469.6329,1.716589307,318.1041504
79.7,47.68765156,1.297017876,189940.507,1.717899012,319.0747405
79.8,47.77605234,1.303499388,190095.1542,1.720081854,319.6918937
79.9,47.81865134,1.310016479,190207.1504,1.722264698,320.2302585
80,48.41332059,1.316528408,190428.1511,1.724010956,320.8463236
80.1,48.67990584,1.323095435,190860.1493,1.725757221,321.7797117
80.2,49.03391981,1.329689387,191401.6869,1.724884073,322.4406371
80.3,49.46953363,1.336310809,192372.3401,1.720518369,323.1770642
80.4,49.70446509,1.342979132,193379.7282,1.716152672,323.9988417
80.5,49.927735,1.349681661,194185.4011,1.713533252,324.8118618
80.6,50.35750833,1.356403622,194770.16,1.712223533,325.5275003
80.7,50.28266708,1.363193928,195725.1973,1.709604118,326.5823464
80.8,50.35937162,1.370007847,196424.8643,1.707421274,327.3264301
80.9,50.68338136,1.376838941,197469.5681,1.702619003,328.1306997
81,50.57938402,1.383733628,198705.0809,1.696507042,328.973263
81.1,50.77348599,1.390642396,200836.7454,1.685592809,330.2644678
81.2,51.01588,1.397582502,202197.2047,1.679044271,331.1595584
81.3,51.23328924,1.404559085,203191.6642,1.675115139,331.9703924
81.4,51.29498124,1.411581257,204146.814,1.672059158,332.8600098
81.5,51.35999989,1.418638465,205177.6271,1.669003171,333.8688994
81.6,51.29011853,1.42574028,205819.3845,1.669876312,335.0287925
81.7,51.67238414,1.432846613,206274.8792,1.670312868,335.8319687
81.8,51.69075972,1.440013566,206732.5578,1.670749439,336.6351407
81.9,51.86900776,1.447205454,206889.6444,1.673368845,337.3912622
82,52.19880134,1.454422964,206611.2589,1.68079051,338.4329821
82.1,52.49528308,1.461678954,205999.3701,1.688648738,339.0468539
82.2,52.17140592,1.469013882,205114.609,1.698253269,339.562237
82.3,52.71185756,1.47632623,204533.0409,1.705674921,340.1017033
82.4,52.99167272,1.483693075,204131.9785,1.712223451,340.7626273
82.5,53.02583979,1.491113749,203828.313,1.718335413,341.4760699
82.6,52.96174502,1.498578343,204004.4839,1.721827967,342.4641707
82.7,53.44638914,1.506042643,204000.6117,1.724883932,343.06163
82.8,53.75699653,1.513556308,204193.3645,1.726630202,343.7192716
82.9,53.95518628,1.521115355,204671.647,1.726193623,344.4217758
83,54.10840633,1.528715357,205168.1072,1.727066759,345.4437974
83.1,54.43065817,1.53634185,205617.7967,1.726630179,346.1069104
83.2,54.44647536,1.544027602,206518.5842,1.723137627,346.8783511
83.3,55.3257884,1.551692568,207680.0885,1.719208478,347.9835408
83.4,55.24084106,1.559462138,208040.3362,1.718335343,348.3982584
83.5,55.44316751,1.567250911,209370.7409,1.713969647,349.6752368
83.6,55.51725504,1.575087561,210105.9063,1.7117868,350.4236997
83.7,56.04265639,1.582932452,211000.5596,1.708730801,351.2378188
83.8,56.21665767,1.590840798,211651.9593,1.707421089,352.0223918
83.9,56.42729274,1.598786248,212550.9993,1.706111376,353.1888522
84,56.8152863,1.606759357,213264.8264,1.704365088,353.946073
84.1,56.96928911,1.614788453,214057.6505,1.702182238,354.7612815
84.2,56.81768974,1.622878763,214596.0756,1.701745674,355.5403806
84.3,57.48795142,1.630953214,215340.4339,1.701309084,356.6641702
84.4,57.31052922,1.639126312,215699.0666,1.700872521,357.14673
84.5,57.55194569,1.647311611,216485.0035,1.700872513,358.4248026
84.6,57.43946384,1.655562198,216653.3322,1.703055362,359.1656042
84.7,57.88904342,1.663815581,216748.0181,1.705674761,359.8910888
84.8,57.97389964,1.672135343,216868.1026,1.709603879,360.9196769
84.9,58.30855824,1.680479669,216915.2359,1.712223282,361.5849763
85,57.69560993,1.688930784,216975.476,1.714842715,362.2852856
85.1,58.56651156,1.697322469,217259.1584,1.716152394,363.0096798
85.2,58.42818714,1.705825465,217451.6219,1.719644949,364.0557738
85.3,58.4314152,1.714361299,217471.0763,1.722700932,364.7265404
85.4,58.34387499,1.722946183,217437.6868,1.726193486,365.4191957
85.5,58.97993801,1.731524453,217404.2643,1.730122586,366.1917347
85.6,58.70753046,1.740208002,217626.7772,1.731432301,366.8526542
85.7,59.26780856,1.748877912,217973.4886,1.731868852,367.5299936
85.8,59.33596139,1.757625097,218565.8364,1.732305419,368.6132932
85.9,59.67223554,1.766397708,219054.6414,1.73186884,369.3103271
86,59.82947607,1.775226508,219447.5812,1.732305403,370.027058
86.1,60.31978774,1.784076706,219839.1622,1.734051663,371.0720604
86.2,60.61607731,1.792984601,220357.1083,1.733178516,371.7745694
86.3,60.98147501,1.801932384,221079.5855,1.73099566,372.5503871
86.4,61.11371411,1.810940991,221782.2466,1.72924938,373.4049928
86.5,61.43413605,1.819981828,222779.1081,1.725756819,374.3657368
86.6,62.10345011,1.829044028,223410.4356,1.724447091,375.1579778
86.7,62.46632871,1.838172649,223927.8519,1.724010511,375.9327018
86.8,62.69264073,1.847356407,224978.4061,1.72139109,377.1451254
86.9,62.82568604,1.856592576,225608.6489,1.720081379,377.9482956
87,62.8046782,1.865885612,226208.8995,1.718771673,378.7131731
87.1,62.7428631,1.875227984,226627.6181,1.718771675,379.4933617
87.2,62.82926149,1.884607023,227480.3725,1.717461966,380.6510718
87.3,63.18794426,1.89401435,227823.8462,1.718335092,381.4126652
87.4,63.29015282,1.903486457,228306.327,1.718771658,382.2705525
87.5,63.62634193,1.912989969,228446.5435,1.72182763,383.1229671
87.6,63.76267975,1.922554836,228868.5765,1.722264194,383.8561128
87.7,64.2637305,1.932142529,229658.5177,1.721827609,385.0039746
87.8,64.17772875,1.941818596,230032.4432,1.72270075,385.7688495
87.9,64.66294714,1.951503957,230547.495,1.722700734,386.5545176
88,64.74263955,1.961265698,230817.567,1.724447007,387.2964161
88.1,65.64086115,1.971020117,231594.4271,1.724446979,388.4234927
88.2,65.62478276,1.980886247,231927.0487,1.725756686,389.1719545
88.3,66.08666303,1.990768955,232047.8973,1.728376084,389.8821214
88.4,66.31954763,2.000716892,232172.5113,1.73099549,390.6273034
88.5,66.60405324,2.010711164,232313.6443,1.733614894,391.4261004
88.6,66.99430473,2.020748242,232176.2426,1.737544001,392.0946884
88.7,67.47531365,2.030829373,232034.3006,1.742782812,393.054341
88.8,67.52914641,2.040990351,232073.2029,1.745402223,393.7305846
88.9,67.77865554,2.05118885,231942.5908,1.748894766,394.3357007
89,67.68009407,2.06146229,232124.6772,1.751514182,395.3139518
89.1,68.0586583,2.071754512,232044.1407,1.754570152,395.915787
89.2,68.4147339,2.082099828,231983.6525,1.757626122,396.547171
89.3,68.65589216,2.092504873,232236.5597,1.758499252,397.2256005
89.4,68.76381387,2.10297119,232767.4207,1.757626111,397.9861014
89.5,68.9400101,2.113485269,233439.8923,1.756316399,398.8538334
89.6,69.10121177,2.124053097,234290.1546,1.754570118,399.939325
89.7,69.76285431,2.134639529,234697.599,1.754570097,400.6626235
89.8,69.63010389,2.145333491,235058.8794,1.75500667,401.3760693
89.9,69.75298324,2.156063504,235221.3529,1.756752941,402.052309
90,69.95329655,2.166841982,235467.2214,1.759372348,403.018528
90.1,70.07949413,2.177679523,235797.3846,1.759808912,403.6761662
90.2,70.55874617,2.188547207,236314.3815,1.758935759,404.3677345
90.3,70.92474597,2.199477105,236861.0638,1.759372316,405.4214905
90.4,71.37567382,2.210455916,236966.6212,1.760245439,405.7935407
90.5,71.665886,2.221500894,238024.8504,1.758062586,407.0125266
90.6,71.82036319,2.232610419,238969.1453,1.755006599,407.8178914
90.7,72.46778669,2.243741791,239826.7387,1.752387165,408.5816782
90.8,72.50234347,2.254971062,241547.9931,1.745838632,409.8323978
90.9,72.99820426,2.266224884,242723.0034,1.741472928,410.7121709
91,73.30170698,2.277548332,243800.4897,1.737543799,411.5503665
91.1,73.49860541,2.289050206,245854.1678,1.729248986,412.915978
91.2,73.44988009,2.300397433,247044.8136,1.7248833,413.7990321
91.3,74.12557552,2.311866779,248723.7657,1.717898177,414.8101177
91.4,74.18172903,2.323552166,249952.6315,1.713969057,415.8551197
91.5,74.59011728,2.335156131,250838.0741,1.712222769,416.8760496
91.6,74.95519885,2.346821265,251644.3634,1.710476482,417.7558271
91.7,75.24533148,2.358550003,252851.5257,1.708293629,419.1487962
91.8,75.18324297,2.370243337,253613.1284,1.706983925,420.0767139
91.9,75.68403263,2.382075007,254648.5441,1.703927927,421.0079172
92,75.6077609,2.3940056,256377.8927,1.698689104,422.4654466
92.1,76.17515195,2.405951743,257190.942,1.69737938,423.4240069
92.2,76.48523464,2.417975749,258023.2265,1.696069664,424.3869456
92.3,76.87857933,2.430054613,258241.3936,1.698252496,425.2590583
92.4,77.10829331,2.442205263,258988.7037,1.69781592,426.3007815
92.5,77.26930324,2.454421465,259920.2094,1.696506209,427.4453564
92.6,77.62432293,2.46668561,260954.4791,1.695196491,428.8076942
92.7,78.13588126,2.479000451,261616.0986,1.694759906,429.7793838
92.8,78.18154212,2.491409004,261903.4696,1.69650618,430.6919844
92.9,78.4874115,2.503861873,261710.3936,1.700871858,431.5247027
93,78.46685898,2.516399549,260763.3666,1.71091294,432.5981557
93.1,79.04583632,2.528958369,260322.7279,1.716588315,433.3499041
93.2,79.06440569,2.541618527,259904.9609,1.72182714,434.0458451
93.3,79.54927432,2.554310032,259860.3064,1.724883106,434.78665
93.4,79.72520741,2.56708644,259663.1504,1.729248787,435.6259373
93.5,79.79038522,2.579934443,259377.6683,1.73448761,436.4947627
93.6,80.10452998,2.592829764,258607.4373,1.743655544,437.5102257
93.7,80.39285382,2.605791423,258428.2224,1.747584653,438.1777139
93.8,80.58374532,2.61882478,258587.4192,1.749330922,438.8955413
93.9,80.9936268,2.631908352,259234.2279,1.748457771,439.7282618
94,81.44596787,2.645054601,260787.8118,1.743655501,441.0851303
94.1,81.77006695,2.6582755,261925.9129,1.739726372,441.9780311
94.2,81.83852238,2.671580222,262953.4982,1.736670388,442.9037642
94.3,82.48402447,2.684912003,264440.2357,1.73230468,444.2562526
94.4,82.36760713,2.698362835,265109.8549,1.730121841,444.7957132
94.5,82.59425037,2.711857511,267038.9037,1.724009871,446.4097202
94.6,82.68682259,2.725429071,268191.689,1.720517319,447.4186136
94.7,82.82268681,2.739065646,269040.8138,1.718771039,448.3902979
94.8,83.1242485,2.75275882,269427.2009,1.719644167,449.2886777
94.9,83.90459917,2.766487548,269577.7551,1.723136692,450.5164245
95,84.11288358,2.780324329,269661.2569,1.725756098,451.3502424
95.1,84.93485269,2.794188265,269582.9531,1.729248621,452.149048
95.2,85.28967444,2.808153866,269525.7649,1.734050865,453.2914432
95.3,85.43881352,2.822203666,269269.5499,1.738416548,454.0388099
95.4,85.52549265,2.836328113,269054.1901,1.741472526,454.4765106
95.5,86.0301741,2.850494535,269292.5506,1.744965059,455.8136773
95.6,86.19344426,2.864755357,269723.3736,1.745401622,456.6573424
95.7,86.68645147,2.879065,270234.8185,1.745401606,457.5130432
95.8,86.73312834,2.893476976,271378.9447,1.741909056,458.4234555
95.9,87.32853972,2.907923484,272996.4732,1.73754335,459.8580117
96,87.47678798,2.922473106,274143.9717,1.734050795,460.7957813
96.1,88.09549778,2.93706333,275226.9617,1.730994795,461.7302701
96.2,88.14214085,2.951765928,277044.5384,1.725755969,463.2479851
96.3,88.26704824,2.966536809,278292.0967,1.722263416,464.2754772
96.4,88.97399751,2.98134179,279599.1431,1.718770844,465.3664493
96.5,88.87073053,2.996276546,280508.9501,1.71789771,466.5208687
96.6,89.40612826,3.011242346,281198.117,1.717461124,467.4498903
96.7,89.88156358,3.026287199,282148.3046,1.715714835,468.4204878
96.8,90.08386772,3.041426203,283300.3123,1.714405122,469.8736454
96.9,90.5368028,3.056623868,284033.3761,1.713968539,470.868315
97,90.7024509,3.071917408,284722.6804,1.713531965,471.8093678
97.1,91.25445834,3.08726107,286106.4064,1.711349104,473.353347
97.2,91.99880827,3.102668429,286856.8613,1.710475944,474.3162946
97.3,92.15693531,3.118193212,287448.9411,1.710475939,475.2562474
97.4,92.18182287,3.13380494,288315.9416,1.709602801,476.3887906
97.5,92.74295383,3.14945806,289076.3074,1.709166214,477.4808488
97.6,92.71786175,3.165229926,290057.5292,1.709166215,479.0182604
97.7,93.29229742,3.181039622,290364.4068,1.71091247,479.9899533
97.8,93.79094907,3.196933764,290417.1699,1.713968437,480.9124083
97.9,93.86908292,3.212936368,290535.0551,1.716587844,481.8370428
98,94.51093868,3.228980531,290568.4198,1.720953512,483.0822997
98.1,94.7530938,3.245132509,290684.8429,1.723572914,483.9817699
98.2,95.21756779,3.261350141,290978.2922,1.725319177,484.8998471
98.3,95.49301165,3.277662022,291860.473,1.725319163,486.2939138
98.4,96.0140896,3.294038796,292228.2184,1.725319151,486.8837184
98.5,96.51434075,3.310499021,293558.6044,1.723572858,488.5338424
98.6,96.35842248,3.327086776,294551.5432,1.721390021,489.5427302
98.7,96.60385117,3.343730154,295729.3178,1.718334033,490.5866405
98.8,97.27144407,3.360427939,297379.4911,1.713095189,491.7695264
98.9,97.58846469,3.377233425,299923.6818,1.704800374,493.5345429
99,97.84219106,3.394127492,301409.5247,1.700434682,494.7382125
99.1,98.17751122,3.411100608,302511.4706,1.697815257,495.8423076
99.2,99.00077788,3.428125283,304006.4742,1.694759254,497.5165108
99.3,99.18536131,3.445279089,304349.7236,1.696068952,498.573551
99.4,99.31497719,3.462522681,304654.746,1.697815224,499.733449
99.5,100.1631946,3.479803326,304892.2686,1.699998037,500.9032075
99.6,100.3435844,3.497216377,304981.6081,1.702617447,501.9285147
99.7,100.4998161,3.514718367,304579.7192,1.708729399,503.3127327
99.8,100.9125062,3.532290484,304246.5615,1.713095074,504.1859444
99.9,101.290213,3.54995299,303724.4697,1.71877045,505.056967
100,101.6670768,3.567704123,303666.6634,1.722262991,505.9816075
100.1,101.8890499,3.58555479,303366.9574,1.727065235,506.8493448
100.2,102.2076047,3.603488296,303474.4065,1.731430912,508.2149636
100.3,102.8259174,3.621491089,303871.4825,1.732740595,509.1636816
100.4,103.2502029,3.63959743,304305.7377,1.73448686,510.2032184
100.5,103.5295897,3.657804437,304591.8548,1.737106258,511.2318102
100.6,104.179513,3.676077227,304689.7792,1.74016222,512.1225341
100.7,104.4264036,3.69446925,305152.1163,1.743218189,513.4356283
100.8,104.7357353,3.712949189,305157.6981,1.746710731,514.2891421
100.9,105.5263511,3.731488662,305046.8419,1.75063982,515.1164025
101,105.3243895,3.750189196,304700.5018,1.755442081,515.8440713
101.1,105.9675974,3.768925374,304136.3032,1.762863725,516.974431
101.2,106.2394146,3.787780938,304078.9195,1.765919696,517.7174291
101.3,106.6636031,3.806720545,303868.0668,1.769848798,518.4691769
101.4,107.3126069,3.82573965,303592.5088,1.774214462,519.2876844
101.5,107.7234502,3.844870383,303473.8391,1.777706997,520.1324426
101.6,107.821191,3.864118461,303536.536,1.779889836,520.911548
101.7,108.25616,3.883439873,303701.6034,1.782509233,522.0878625
101.8,108.5812026,3.902865614,304238.4907,1.782072654,522.939192
101.9,108.9037359,3.922388868,304846.6242,1.781199506,523.7598743
102,109.3461651,3.942001761,305701.9934,1.779016649,524.6287144
102.1,109.5087991,3.961732085,307369.4719,1.77421439,526.0698301
102.2,110.2343199,3.981522687,308441.4891,1.771158387,526.99448
102.3,110.5001844,4.001444015,309728.7409,1.767229262,528.0088439
102.4,110.6336396,4.021474216,311188.5559,1.762863572,529.1556161
102.5,111.336643,4.04156574,312793.1023,1.758061296,530.4030605
102.6,111.7448624,4.061778142,314161.6728,1.754132166,531.4830871
102.7,112.3345965,4.082079387,315752.7815,1.750639599,533.0489553
102.8,112.5929082,4.102505091,316750.3677,1.748456748,534.0436292
102.9,113.2542298,4.123005512,317514.825,1.74758359,535.0558105
103,113.5708059,4.143632326,319358.7392,1.742781327,536.6490365
103.1,114.0455811,4.1643516,320286.2372,1.741035037,537.6579335
103.2,114.4379078,4.185180405,321083.2385,1.740161888,538.7018498
103.3,115.0242392,4.206100255,321895.4888,1.739288732,539.747953
103.4,115.3957244,4.227139653,323100.0996,1.737105878,541.0129063
103.5,115.7355551,4.248286652,324633.4001,1.733176751,542.2570626
103.6,116.2419115,4.269528198,326356.4719,1.730120755,543.9651875
103.7,116.9181241,4.290864559,327741.3889,1.727064754,545.149166
103.8,117.3603385,4.31232388,329004.498,1.72444533,546.2696818
103.9,117.8033731,4.333890617,330596.3039,1.7205162,547.507274
104,117.9791017,4.355583821,332078.2304,1.71876992,549.2438424
104.1,118.4187803,4.377367606,332905.2399,1.718333338,550.3818601
104.2,118.6386161,4.399275661,333775.9552,1.717460194,551.4728258
104.3,119.1781921,4.421271525,334692.5912,1.71658704,552.6294468
104.4,119.5129135,4.443391669,335242.4237,1.717896734,553.9042491
104.5,120.0632886,4.465607861,335204.9958,1.721389264,554.9941203
104.6,120.4954089,4.487943514,335808.0041,1.723135524,556.6311192
104.7,121.0957195,4.510379587,336144.2882,1.72444521,557.7144264
104.8,121.2630183,4.532957743,336296.4745,1.726628047,558.7583392
104.9,122.0498251,4.555606527,336233.5642,1.729684,559.7015878
105,122.532687,4.578389649,336727.4226,1.731866827,561.2729328
105.1,122.8040324,4.601301465,337077.635,1.733176523,562.3190303
105.2,123.7590027,4.624281172,337316.997,1.734922766,563.3454506
105.3,124.0403136,4.647422297,337330.4009,1.737542167,564.3324587
105.4,124.2125287,4.670686842,337828.5591,1.738415298,565.4912694
105.5,124.7111446,4.694045585,338234.2037,1.739724987,566.6533594
105.6,124.9765937,4.717537333,338664.8903,1.740598116,567.7082189
105.7,125.7541333,4.741111668,339313.3151,1.742344364,569.2609595
105.8,126.0536953,4.764836965,340344.8793,1.740598081,570.3989807
105.9,126.6580079,4.7886602,340972.3241,1.740598061,571.4801003
106,127.1590531,4.812609927,341313.5079,1.74190775,572.5130789
106.1,127.5218578,4.836689117,341799.8387,1.74409058,574.0439282
106.2,127.9887347,4.860881823,342276.098,1.744963702,575.0769049
106.3,128.6038163,4.885185615,342859.5009,1.74540025,576.1230085
106.4,129.0989764,4.909619435,343317.0839,1.746709939,577.2544693
106.5,129.7340141,4.934166053,343815.556,1.748019623,578.4034326
106.6,130.0526154,4.958857427,344343.2686,1.74889275,579.4418788
106.7,130.7650645,4.98364547,345045.5837,1.750202432,580.9355297
106.8,131.2318557,5.008574617,345374.5646,1.75194869,581.9323983
106.9,131.791061,5.033622299,346283.4657,1.751075535,583.0189876
107,132.1021101,5.058812578,347760.7285,1.747582978,584.2106283
107.1,132.742057,5.084106458,350006.5002,1.742344138,586.0237972
107.2,133.0639016,5.109548929,351508.4159,1.738851581,587.2515486
107.3,133.7887532,5.135091252,353018.0881,1.735359011,588.4957112
107.4,134.2771061,5.160777761,354702.1101,1.73142988,589.8963563
107.5,134.8470476,5.186587358,356553.7402,1.727064179,591.4250214
107.6,135.3628492,5.212530043,357725.5881,1.724881321,592.6297968
107.7,135.6912805,5.238615581,359119.2788,1.723135037,594.4243566
107.8,136.2203748,5.264818134,359696.3624,1.723571589,595.6105314
107.9,136.9118283,5.291140732,359471.2807,1.727500681,596.6599198
108,137.4067517,5.317608785,358619.1724,1.734049189,597.5900398
108.1,138.1822761,5.344190188,357660.8272,1.742343961,598.9304996
108.2,138.3107852,5.370949303,356820.5381,1.748892481,599.7960518
108.3,139.1129245,5.39779631,356050.0556,1.755004411,600.5893903
108.4,139.5778089,5.424800911,355504.9238,1.760679783,601.5501493
108.5,140.1367714,5.451934335,355300.7631,1.764608879,602.5174671
108.6,140.773991,5.479198462,355456.5767,1.766791699,603.4760411
108.7,141.5144482,5.506592132,356470.8574,1.766791675,605.0276899
108.8,141.8069024,5.534153842,357195.2524,1.766355097,606.021271
108.9,142.3966107,5.561833469,358226.1926,1.764608805,607.1275591
109,142.9863028,5.589652014,359284.3747,1.762862512,608.2426094
109.1,143.6001267,5.617608513,360924.5807,1.759806515,609.944165
109.2,144.0048964,5.646001854,362345.064,1.756313955,611.1467514
109.3,144.5354184,5.674246841,363527.7417,1.753694529,612.2716406
109.4,145.1017628,5.702346178,364920.1057,1.750638533,613.6077262
109.5,146.012791,5.730847652,365876.5834,1.749765367,614.9580376
109.6,146.5332713,5.759518699,366605.2476,1.750638486,616.5567419
109.7,146.9155083,5.788343768,366702.7743,1.752821315,617.5317165
109.8,147.6079052,5.817292595,367168.3339,1.753694428,618.6128473
109.9,148.1125138,5.846399408,367973.0151,1.753257844,619.7421132
110,148.7311839,5.875644283,369589.8515,1.750201846,621.2592973
110.1,149.1741395,5.905047708,371386.8094,1.746709286,622.8147708
110.2,149.7332381,5.934590568,372677.0428,1.744526427,624.0458097
110.3,150.2490196,5.964284397,373743.4329,1.743216706,625.1882062
110.4,150.843473,5.994121605,375004.9521,1.741906982,626.5976087
110.5,151.3259122,6.024116156,376273.5663,1.740160694,627.9227433
110.6,151.6230608,6.054272152,378361.4945,1.736668139,629.8617535
110.7,152.4422879,6.084543428,379880.871,1.733612135,631.1343699
110.8,153.3397703,6.114961041,380662.1446,1.733612106,632.363231
110.9,153.5461027,6.145578479,381172.9858,1.734485236,633.4881128
111,154.2295483,6.176316679,381095.2799,1.739287463,635.126214
111.1,154.717294,6.207222207,380786.5192,1.743216561,636.1000974
111.2,155.3224308,6.238274745,380309.8238,1.748018791,637.0860267
111.3,155.7460234,6.269495133,379940.5123,1.753257594,638.4779099
111.4,156.1029825,6.300876707,379813.4599,1.755440423,639.0852279
111.5,157.1810322,6.332366003,380030.2489,1.758932933,640.7878898
111.6,157.6778465,6.364052992,380017.7627,1.761552325,641.8132103
111.7,158.1679808,6.395899094,379921.0963,1.764608286,642.8067897
111.8,158.8279652,6.42789319,381191.2982,1.76329856,644.4000287
111.9,159.5595421,6.460042681,382393.6932,1.761115695,645.6069909
112,160.0879242,6.492367259,383773.9493,1.758059701,646.7953534
112.1,160.7228716,6.524846342,385847.6529,1.752384295,648.1073628
112.2,161.6575682,6.557467852,389326.7575,1.742779767,650.2674253
112.3,162.1142822,6.590285542,391031.7889,1.73885064,651.5761459
112.4,162.5509925,6.623268974,393136.2859,1.734048377,653.210959
112.5,163.3066035,6.656395742,394872.7349,1.730555808,654.7068042
112.6,164.0613626,6.689687962,396260.5592,1.728372943,656.0932318
112.7,164.72867,6.723152369,398302.9363,1.725316945,658.187624
112.8,165.4292655,6.756782155,399020.1865,1.725316923,659.4307056
112.9,166.0232571,6.790587776,399786.2806,1.725316903,660.6759643
113,166.2858188,6.824585528,400529.676,1.725753463,661.9759366
113.1,166.8756075,6.858731177,400524.2354,1.730555692,663.66874
113.2,167.7035253,6.893031746,400071.8828,1.735357914,664.7586302
113.3,168.1558804,6.927530464,399831.7131,1.739287011,665.8594467
113.4,168.8030646,6.962187968,399410.9469,1.744525807,667.0970541
113.5,169.4377382,6.997020026,398948.2726,1.749764602,668.2646241
113.6,170.1323452,7.032022477,398006.8749,1.757622804,669.6871598
113.7,170.8752277,7.067197013,397809.0425,1.761115323,670.6577675
113.8,171.515669,7.102554895,397457.8433,1.765480982,671.6415121
113.9,171.9637385,7.138103165,396953.8773,1.770283215,672.5814746
114,172.6516017,7.173813055,397000.2528,1.772902601,673.5936684
114.1,173.3277865,7.209702672,397611.137,1.77464885,675.1836183
114.2,173.8007742,7.245786091,398622.746,1.773775698,676.3271174
114.3,174.479415,7.282036202,399662.8829,1.772465972,677.4345039
114.4,175.0947504,7.318472321,401594.4085,1.768100272,678.865794
114.5,175.8574504,7.355080921,403888.2396,1.762424863,680.4043146
114.6,176.6509386,7.391870813,405923.1763,1.75762259,681.8038753
114.7,177.1313143,7.428866541,409580.7266,1.748454647,684.0394236
114.8,177.8215061,7.466033284,412442.7055,1.741032969,685.6250048
114.9,178.3801113,7.5033953,414828.3215,1.735357568,687.0989595
115,179.4408062,7.540910088,418292.4103,1.727499311,689.3684517
115.1,179.5563773,7.578677635,420387.7879,1.723133628,690.9255604
115.2,180.5262652,7.616575864,422203.6985,1.719641054,692.4651889
115.3,181.2454916,7.654681227,424087.7283,1.716148485,694.0212165
115.4,181.9538708,7.692978257,425481.8201,1.71483876,695.6593225
115.5,182.4107557,7.731484452,427092.884,1.713092474,697.4363807
115.6,183.5404307,7.770137417,428645.1881,1.710909598,698.9202097
115.7,184.2437465,7.809013353,429950.0783,1.711346142,701.120749
115.8,185.3675475,7.848055257,430172.4187,1.713528947,702.4141732
115.9,186.0641563,7.887322063,430583.8486,1.715275194,703.7984091
116,186.5683912,7.926798869,431458.4745,1.717021451,705.8982787
116.1,187.4672975,7.966446337,432389.6665,1.717021421,707.3427011
116.2,188.3095579,8.006296472,432948.4973,1.7183311,708.7280352
116.3,188.8228829,8.04636883,433568.4292,1.719204217,710.0477067
116.4,189.4927301,8.086631263,434850.9534,1.718331063,711.6803361
116.5,190.4148585,8.12707808,435755.2285,1.718767597,713.2998407
116.6,191.1637641,8.167739505,437475.0052,1.717457873,715.4839715
116.7,191.7219602,8.208617777,439281.644,1.714401877,717.0224933
116.8,192.7097999,8.249671389,441709.0205,1.709599602,718.7426704
116.9,193.2879328,8.290958862,444613.8425,1.704797336,721.1686254
117,194.0633888,8.332439683,446019.0998,1.703487609,722.774996
117.1,194.8929454,8.374124641,446981.5807,1.70348758,724.2423989
117.2,195.719147,8.416018721,448156.1466,1.703050989,725.8148493
117.3,196.2555485,8.458142557,449450.9123,1.703924105,728.1051173
117.4,197.2207601,8.500448072,449860.0849,1.704797213,729.1009042
117.5,197.7454547,8.542995818,450695.324,1.707416599,731.4426016
117.6,198.4807947,8.585742319,449753.3597,1.713965096,732.702096
117.7,199.3285228,8.628695296,448517.3908,1.721386717,733.8828077
117.8,200.1587394,8.671864739,446707.7878,1.730554616,734.9398693
117.9,200.7024859,8.7152701,444864.9855,1.741032223,736.5166902
118,201.5259905,8.758873829,444228.5097,1.745834443,737.6000136
118.1,202.3070026,8.802698985,443653.4892,1.750636662,738.7336713
118.2,203.1479426,8.846739627,443168.1449,1.755002312,739.8640478
118.3,203.6299683,8.891025556,442407.0557,1.761550812,741.5152761
118.4,204.2293772,8.935525374,441730.9437,1.765479902,742.1138448
118.5,205.232614,8.980220468,441413.932,1.770718681,743.9171851
118.6,206.1800347,9.025143378,442562.0266,1.76897238,745.187628
118.7,206.6411392,9.070324715,444260.067,1.765479822,746.6243819
118.8,207.4869193,9.115706113,446464.8894,1.760240982,748.0939782
118.9,207.8480483,9.161348145,449458.1222,1.753692454,750.3185851
119,208.8653092,9.207173873,451532.2562,1.749326744,751.8855745
119.1,209.9116875,9.253227214,453084.7448,1.746707303,753.3912789
119.2,210.5050564,9.299542404,455596.9509,1.742341607,755.6169932
119.3,211.3074031,9.346075346,457369.015,1.739285607,757.1806859
119.4,212.1288745,9.39284017,460359.282,1.732737065,759.0945491
119.5,212.949486,9.439839381,462400.4712,1.729244498,760.8464508
119.6,213.7559143,9.487075102,463352.3576,1.729244471,762.3609148
119.7,214.4091005,9.534558003,463525.969,1.733173559,764.3524523
119.8,215.5685334,9.582244087,463475.8725,1.736229495,765.6086833
119.9,216.0143247,9.630218138,463085.5349,1.740595157,766.8681654
120,216.8706034,9.678404389,462542.7628,1.745397373,768.0762395
120.1,217.6111103,9.726840063,463411.3569,1.746707051,769.986808
120.2,218.369908,9.775517176,464180.6821,1.747143594,771.3819964
120.3,219.0520701,9.824443425,465074.3039,1.747143572,772.7180831
120.4,220.120571,9.87358838,465819.8214,1.748016672,774.2445883
120.5,220.714411,9.923012112,466454.1203,1.749326355,775.7776402
120.6,221.7179047,9.972655468,468454.8587,1.747580052,778.0143098
120.7,222.9062263,10.02253486,470125.8541,1.745397175,779.5670695
120.8,223.8746891,10.0726793,472268.9378,1.741904603,781.1986216
120.9,224.663262,10.12308738,474710.3257,1.737538901,782.8936251
121,225.381027,10.17375291,478106.6734,1.7318635,785.36008
121.1,226.3660554,10.22465398,479589.2067,1.730553765,786.958795
121.2,227.1845165,10.2758215,481014.9746,1.729244036,788.4776361
121.3,227.8863714,10.3272534,482451.3108,1.72793431,790.0916624
121.4,229.2185412,10.37889991,483758.8574,1.7274977,791.8414029
121.5,229.805425,10.43085622,485718.1182,1.725314843,793.7202351
121.6,230.4039362,10.48307212,487525.6726,1.724878256,796.1483892
121.7,231.4479051,10.53551914,488748.8911,1.724441655,797.7755554
121.8,232.3569479,10.58823829,489742.4226,1.724441625,799.2943995
121.9,233.020317,10.64123841,490637.9249,1.724878171,800.8821645
122,233.9243021,10.69448763,491468.9027,1.727060979,803.1735462
122.1,235.0647395,10.74798741,492178.236,1.727934077,804.6332963
122.2,235.8537513,10.8017794,492648.0684,1.729680322,806.1302543
122.3,236.7051834,10.85583666,493296.1784,1.732299699,808.2695229
122.4,237.4574941,10.91017161,493630.5123,1.733172809,809.1788661
122.5,238.6261171,10.96475028,494677.4769,1.734919041,811.6475161
122.6,239.4949407,11.01962304,496112.1516,1.73360931,813.2976692
122.7,240.4844719,11.07476237,497146.2857,1.733609278,814.8854421
122.8,241.1200787,11.13020237,498423.889,1.732736122,816.430542
122.9,242.5533681,11.18586538,500451.1051,1.731426373,818.893726
123,243.4728567,11.24184261,502485.7054,1.728370372,820.567954
123.1,244.0367549,11.29812474,503991.5171,1.727060651,822.2541994
123.2,244.9511819,11.35466486,505834.7729,1.724877784,823.9973649
123.3,245.8955526,11.41148627,508050.9064,1.723131484,826.5491694
123.4,246.9531358,11.46858462,508860.0325,1.722694883,827.5843639
123.5,247.9041016,11.52597633,510685.6469,1.722258284,830.1482035
123.6,248.9716103,11.58364769,511792.5188,1.72225825,831.841041
123.7,249.4512078,11.64164832,513015.7727,1.721821667,833.5590163
123.8,250.5935909,11.69989418,514233.4712,1.722694765,835.9642091
123.9,251.6285233,11.7584392,515338.394,1.722258164,837.5837198
124,252.2953737,11.81730292,516652.9897,1.721385007,839.3268784
124.1,253.2328132,11.87644291,518704.9819,1.718329006,841.0973939
124.146,253.6787957,11.90374578,519347.5315,1.717892424,841.9782739
124.3,255.1112771,11.90662275,523896.3571,1.710907301,845.819124
124.4,255.699212,11.90658267,526650.0191,1.706541609,848.0152991
124.5,256.3812405,11.90653614,529669.5396,1.701739347,850.319798
124.6,256.7460151,11.90651134,531995.593,1.698683364,852.3562081
124.7,257.2007199,11.90648037,533082.8289,1.699119917,854.2186235
124.8,257.6104596,11.90645249,535486.8448,1.697810203,857.1183981
124.9,257.8944634,11.90643322,536842.4771,1.697810194,859.0125427
125,258.3400087,11.90640289,537741.9644,1.699119881,860.8301049
125.1,258.5723859,11.90638715,538263.9953,1.70130271,862.4878909
125.2,259.1245151,11.90634952,537732.6384,1.708287769,864.8908796
125.3,259.2519737,11.90634097,536929.6658,1.71396314,866.4009394
125.4,259.8565623,11.90629974,536399.9809,1.719201928,868.0959514
125.5,260.0931029,11.90628372,535462.6625,1.725313862,869.6508793
125.6,260.3862663,11.90626382,534883.9652,1.730116093,871.1401614
125.7,260.6711029,11.90624449,535266.4887,1.733608622,873.4369924
125.8,260.6828179,11.90624386,535415.1366,1.736228025,874.9941117
125.9,260.9967984,11.90622254,535389.0656,1.739283986,876.5107413
126,261.2591524,11.90620475,535305.7911,1.742339948,878.0076851
126.1,261.3349843,11.90619973,536575.6836,1.742776513,880.3625034
126.2,261.9437363,11.90615822,538394.8909,1.740593657,882.1352073
126.3,261.9329688,11.90615914,540093.6387,1.738847388,883.8991276
126.4,262.0762484,11.9061495,541838.9517,1.737537682,885.9322478
126.5,262.2470067,11.90613798,542563.8989,1.738847378,887.6699138
126.6,262.4985357,11.90612093,544089.6825,1.737537669,889.3605395
126.7,262.4977604,11.90612116,546489.6267,1.735354832,891.9714072
126.8,262.5011485,11.9061211,548105.1477,1.734045131,893.779111
126.9,262.8642577,11.90609642,548994.2121,1.734481686,895.3986028
127,262.9192724,11.90609282,549938.3204,1.734918252,897.1132939
127.1,262.95347,11.90609066,549217.509,1.741030192,899.263487
127.2,263.1200649,11.90607942,547822.3244,1.747578696,900.5798763
127.3,263.4494502,11.90605704,546400.5931,1.754127193,901.8513963
127.4,263.5132081,11.90605285,544834.9481,1.761112267,903.2312505
127.5,263.6056938,11.9060467,543244.7669,1.76809734,904.5892085
127.6,263.6432221,11.9060443,540612.7255,1.77901152,906.1638367
127.7,263.9338875,11.90602457,538571.3595,1.787306288,907.1486636
127.8,264.0542682,11.9060165,536789.304,1.794727927,908.0492369
127.9,264.2804002,11.9060012,535539.0477,1.800839861,909.0548539
128,264.3329169,11.90599777,535384.8334,1.805205532,910.7848664
128.1,264.2655266,11.90600256,536271.3941,1.805205534,912.0126027
128.2,264.4187985,11.90599224,537441.8081,1.804332395,913.2928827
128.3,264.3339217,11.90599823,539292.1893,1.803022696,915.3292701
128.4,264.9335141,11.90595735,540501.185,1.801276407,916.2353308
128.5,264.6779364,11.90597502,543197.2648,1.797783878,918.4664868
128.6,264.9885862,11.90595393,544457.0889,1.796910733,919.8868347
128.7,265.0802392,11.90594783,545330.1892,1.79691073,921.1846121
128.8,264.8746228,11.90596208,547142.5189,1.795601035,923.3293341
128.9,265.2260743,11.90593819,547856.37,1.796037591,924.6883958
129,265.3402098,11.90593055,548072.3443,1.797783856,925.9632032
129.1,265.2694888,11.90593557,547897.8258,1.800403262,927.1001194
129.2,265.3944493,11.90592719,547443.9541,1.805205497,928.8312276
129.3,265.4686158,11.90592228,546687.1783,1.809571167,929.8904551
129.4,265.7268063,11.90590478,545333.1865,1.816119667,931.1466662
129.5,265.6410969,11.90591082,544651.0412,1.820048775,932.096465
129.6,266.044175,11.9058834,544917.3152,1.821358463,933.2498171
129.7,265.882691,11.90589463,545482.0547,1.821795036,934.4480105
129.8,266.1592006,11.90587587,545905.1069,1.822668161,935.6155877
129.9,266.012705,11.90588608,545937.5244,1.825724136,937.246004
130,266.1085215,11.90587969,546214.0937,1.827033835,938.292114
130.1,265.8596053,11.90589691,546856.6275,1.827470411,939.4487198
130.2,266.2993216,11.90586698,547106.6692,1.829653232,941.0200789
130.3,266.0529035,11.90588402,547780.8338,1.82965324,942.1208777
130.4,266.4160126,11.90585933,549423.5323,1.827470392,943.617828
130.5,266.3860933,11.90586156,550079.9981,1.82790696,944.8521299
130.6,266.4186254,11.90585951,550057.355,1.830089795,945.9091802
130.7,266.3603947,11.90586367,549868.8862,1.833582335,947.3240371
130.8,266.8542358,11.90583003,549471.0645,1.836638289,948.2235266
130.9,266.5195528,11.90585312,549545.129,1.838384569,949.2455402
131,266.9825844,11.90582159,549546.489,1.840130822,950.2588313
131.1,266.5654653,11.90585033,548899.3227,1.844496509,951.6353764
131.2,266.7528774,11.90583767,549050.2732,1.845806204,952.632248
131.3,266.8087248,11.90583402,548902.367,1.847989038,953.5645439
131.4,267.0460981,11.90581794,547874.4482,1.85279127,954.4344834
131.5,266.7888551,11.90583573,547231.6367,1.856283817,955.3591093
131.6,267.1378085,11.90581201,546945.1271,1.858466641,956.1699616
131.7,267.1536869,11.9058111,546248.4422,1.862395745,957.3451797
131.8,267.1753942,11.90580979,546089.609,1.864142013,958.146174
131.9,267.1787823,11.90580973,545934.5431,1.865888282,958.9340289
132,267.4078287,11.90579422,545829.3002,1.868507677,960.1683511
132.1,267.2088738,11.90580802,545928.2634,1.869817386,961.0054391
132.2,267.441251,11.90579228,545444.9238,1.872873349,961.7232785
132.3,267.2114866,11.90580819,545488.3524,1.874183058,962.480485
132.4,267.5054827,11.90578823,545975.099,1.874619615,963.4762654
132.5,267.3348391,11.90580009,547076.0241,1.87330992,964.4840568
132.6,267.7104385,11.90577455,547663.1261,1.874183041,965.7654362
132.7,267.7871031,11.90576947,547360.5058,1.876802442,966.4843567
132.8,267.6247865,11.90578076,548058.5282,1.87636588,967.3291139
132.9,267.8788135,11.90576354,548549.3386,1.877239006,968.5284116
133,268.1220156,11.90574707,548892.3971,1.877675565,969.3130023
133.1,267.7098927,11.90577546,548504.8426,1.880294983,970.0089252
133.2,267.8989701,11.90576269,548672.8079,1.881168112,970.7946028
133.3,267.8840391,11.90576389,548153.106,1.884660647,971.8199122
133.4,268.130572,11.90574718,547229.3973,1.888153179,972.1449119
133.5,268.0173839,11.90575511,545149.5296,1.89601139,972.8616378
133.6,268.1864768,11.9057437,544769.1457,1.898194224,973.4142448
133.7,268.0732887,11.90575163,545128.3133,1.898194224,974.1298749
133.8,268.3414714,11.90573344,544173.6004,1.90255989,974.8477102
133.9,268.2732484,11.90573829,543978.3868,1.904306158,975.4254706
134,268.3157729,11.90573555,543761.2446,1.90605243,975.9911979
134.1,268.4249123,11.90572825,544006.9966,1.906488989,976.5919434
134.152,268.6319149,11.90571417,544272.3342,1.906925551,977.1883149
134.8,268.523345,11.84323062,1.7977E+308,1.882477791,0
134.9,268.0656848,11.78374583,1.7977E+308,1.837074819,0
135,268.1992326,11.72422055,1.7977E+308,1.772462868,0
135.1,268.0105305,11.66471735,1.7977E+308,1.693444208,0
135.2,268.2048646,11.60518791,1.7977E+308,1.592597178,0
135.3,267.8221462,11.54569799,1.7977E+308,1.477343445,0
135.4,267.7575145,11.48618629,1.7977E+308,1.336332238,0
135.5,267.6529138,11.42667732,1.7977E+308,1.183533716,0
135.6,267.4600482,11.3671744,1.7977E+308,1.017201611,0
135.7,267.3962491,11.30766264,1.7977E+308,0.870951596,0
135.8,267.2042162,11.24815966,1.7977E+308,0.708112026,0
135.9,267.0055218,11.18865714,1.7977E+308,0.567537385,0
136,267.0416452,11.12913854,1.7977E+308,0.44267916,0
136.1,266.7696743,11.06964103,1.7977E+308,0.333973924,0
136.2,266.7916421,11.0101234,1.7977E+308,0.243167942,0
136.3,266.9193612,10.95059853,1.7977E+308,0.176373157,0
136.4,266.7131726,10.89109652,1.7977E+308,0.118309717,0
136.5,266.5069839,10.83159451,1.7977E+308,0.065048516,0
136.6,266.2425072,10.77209649,1.7977E+308,0.024884332,0
136.7,266.371059,10.71257156,1.7977E+308,0.016589555,0
136.8,266.4421553,10.65305057,1.7977E+308,0.017899256,0
136.9,266.259282,10.59354696,1.7977E+308,0.021391794,0
137,265.8790617,10.53405687,1.7977E+308,0.024011198,0
137.1,266.019271,10.47453114,1.7977E+308,0.02357463,0
137.2,265.9488105,10.41501983,1.7977E+308,0.020082093,0
137.3,265.6052285,10.35552723,1.7977E+308,0.018772391,0
137.4,265.5614139,10.29601411,1.7977E+308,0.016589555,0
137.5,265.6883003,10.23648929,1.7977E+308,0.014843286,0
137.6,265.2464611,10.17700342,1.7977E+308,0.015279853,0
137.7,265.3716821,10.11747871,1.7977E+308,0.019208958,0
137.8,264.9731427,10.05798987,1.7977E+308,0.0253209,0
137.9,264.8777015,9.998480282,1.7977E+308,0.032742543,0
138,264.8696926,9.938964703,1.7977E+308,0.038417917,0
138.1,264.8150531,9.879452316,1.7977E+308,0.041473888,0
138.2,264.6121952,9.819950079,1.7977E+308,0.042347022,0
138.3,264.5309097,9.760439517,1.7977E+308,0.041910455,0
138.4,264.3230557,9.700937621,1.7977E+308,0.039291052,0
138.5,264.1102056,9.641436068,1.7977E+308,0.034488812,0
138.6,264.2112787,9.581913019,1.7977E+308,0.024884333,0
138.7,263.9751133,9.522413062,1.7977E+308,0.014843286,0
138.8,263.9970811,9.46289543,1.7977E+308,0.00480224,0
138.9,263.7284409,9.403397697,1.7977E+308,0.008294778,0
139,263.7470779,9.343880293,1.7977E+308,0.016152988,0
139.1,263.5242356,9.284379424,1.7977E+308,0.023138064,0
139.2,263.4038138,9.224871542,1.7977E+308,0.02706717,0
139.3,263.3341859,9.165360182,1.7977E+308,0.027503737,0
139.4,263.3336711,9.105844089,1.7977E+308,0.027940304,0
139.5,263.1924321,9.046337632,1.7977E+308,0.026630602,0
139.6,263.0220491,8.986833171,1.7977E+308,0.023138064,0
139.7,262.8291834,8.927330249,1.7977E+308,0.021391796,0
139.8,262.8070188,8.867815639,1.7977E+308,0.01746269,0
139.9,262.7507139,8.808303366,1.7977E+308,0.013533585,0
140,262.4071318,8.748810765,1.7977E+308,0.010914181,0
140.1,262.6655829,8.68927694,1.7977E+308,0.010914181,0
140.2,262.4560635,8.629775158,1.7977E+308,0.012660451,0
140.3,262.0375395,8.570287689,1.7977E+308,0.017026123,0
140.4,261.9762385,8.510775758,1.7977E+308,0.020082094,0
140.5,262.0032024,8.451257784,1.7977E+308,0.023574632,0
140.6,261.8428116,8.391752638,1.7977E+308,0.025757469,0
140.7,261.6624363,8.332248862,1.7977E+308,0.027067171,0
140.8,261.588645,8.272737786,1.7977E+308,0.027503738,0
140.9,261.4682232,8.213229904,1.7977E+308,0.025757469,0
141,261.4336374,8.153120981,1.7977E+308,0.025320902,0
141.1,261.3464539,8.094205986,1.7977E+308,0.024884334,0
141.2,261.1494248,8.03470335,1.7977E+308,0.0240112,0
141.3,261.0548164,7.9751937,1.7977E+308,0.022264931,0
141.4,260.8869313,7.915689068,1.7977E+308,0.020518662,0
141.5,260.6207892,7.856191164,1.7977E+308,0.018772393,0
141.6,260.5736439,7.796678264,1.7977E+308,0.01920896,0
141.7,260.4865296,7.737168101,1.7977E+308,0.018335826,0
141.8,260.4210652,7.677656456,1.7977E+308,0.020082095,0
141.9,260.2148765,7.618154446,1.7977E+308,0.021391797,0
142,260.1527429,7.558642573,1.7977E+308,0.021391797,0
142.1,260.0847804,7.499131099,1.7977E+308,0.021391797,0
142.2,259.6096336,7.439647506,1.7977E+308,0.022264932,0
142.3,259.8381079,7.380115733,1.7977E+308,0.026194037,0
142.4,259.8092818,7.320601579,1.7977E+308,0.029250008,0
142.5,259.6430621,7.261096833,1.7977E+308,0.030123143,0
142.6,259.323628,7.201602578,1.7977E+308,0.029250008,0
142.7,259.184887,7.14209595,1.7977E+308,0.027503739,0
142.8,258.9803638,7.082593827,1.7977E+308,0.024447768,0
142.9,259.0714446,7.023071462,1.7977E+308,0.018772393,0
143,258.9768361,6.963561812,1.7977E+308,0.015716422,0
143.1,258.7481649,6.904061343,1.7977E+308,0.013097019,0
143.2,258.7568097,6.844544623,1.7977E+308,0.00960448,0
143.3,258.3815854,6.785054188,1.7977E+308,0.005675375,0
143.4,258.4618413,6.725532564,1.7977E+308,0.005675375,0
143.5,258.4488362,6.666017327,1.7977E+308,0.007858211,0
143.6,258.0353084,6.606529515,1.7977E+308,0.009167913,0
143.7,258.0439531,6.547012795,1.7977E+308,0.010041048,0
143.8,258.0884035,6.487493623,1.7977E+308,0.009167913,0
143.9,257.9879662,6.427984373,1.7977E+308,0.007858211,0
144,257.7318163,6.368485784,1.7977E+308,0.009604481,0
144.1,257.5947407,6.308979043,1.7977E+308,0.010914183,0
144.2,257.3960462,6.24947652,1.7977E+308,0.010477615,0
144.3,257.1707058,6.189975822,1.7977E+308,0.012660452,0
144.4,257.1626968,6.130460243,1.7977E+308,0.012223885,0
144.5,257.1496917,6.070945005,1.7977E+308,0.010914183,0
144.6,257.1100406,6.011431592,1.7977E+308,0.007858212,0
144.7,256.857707,5.95133758,1.7977E+308,0.005238808,0
144.8,256.6648413,5.891834658,1.7977E+308,0.007639928,0
144.9,256.8250352,5.832307561,1.7977E+308,0.011787317,0
145,256.4205977,5.773414289,1.7977E+308,0.013097019,0
145.1,256.4022147,5.713601839,1.7977E+308,0.013097019,0
145.2,256.0735864,5.654405795,1.7977E+308,0.012660452,0
145.3,256.1234492,5.594886252,1.7977E+308,0.013970154,0
145.4,256.0584011,5.535374579,1.7977E+308,0.015716423,0
145.5,256.1145091,5.475854609,1.7977E+308,0.019208962,0
145.6,255.6435257,5.416370731,1.7977E+308,0.022264933,0
145.7,255.5780613,5.356859086,1.7977E+308,0.028813443,0
145.8,255.5234218,5.297346699,1.7977E+308,0.034488818,0
145.9,255.2406259,5.237849935,1.7977E+308,0.039291059,0
146,255.1734961,5.178338404,1.7977E+308,0.042783598,0
146.1,255.0264282,5.118832346,1.7977E+308,0.044529867,0
146.2,255.0558902,5.059314201,1.7977E+308,0.044966434,0
146.3,254.9721066,4.99980381,1.7977E+308,0.042783598,0
146.4,254.4578235,4.940322897,1.7977E+308,0.039727627,0
146.5,254.5006085,4.88080384,1.7977E+308,0.03754479,0
146.6,254.4501324,4.821291168,1.7977E+308,0.031869415,0
146.7,254.3988237,4.761778553,1.7977E+308,0.025757473,0
146.8,254.1568294,4.702278996,1.7977E+308,0.017899261,0
146.9,253.9573023,4.64277653,1.7977E+308,0.012660453,0
147,253.8127325,4.583270301,1.7977E+308,0.009167914,0
147.1,253.8546848,4.523751301,1.7977E+308,0.010477616,0
147.2,253.6443327,4.464249577,1.7977E+308,0.014406722,0
147.3,253.5305724,4.404741238,1.7977E+308,0.017462694,0
147.4,253.6491319,4.345216992,1.7977E+308,0.022701502,0
147.5,253.3080478,4.285724219,1.7977E+308,0.026630608,0
147.6,252.870372,4.226238061,1.7977E+308,0.028813445,0
147.7,252.9589548,4.166715867,1.7977E+308,0.030559714,0
147.8,252.7269528,4.107215626,1.7977E+308,0.030123147,0
147.9,252.6165232,4.047707059,1.7977E+308,0.027067175,0
148,252.6942811,3.988185607,1.7977E+308,0.026194041,0
148.1,252.486427,3.928683711,1.7977E+308,0.023138069,0
148.2,252.3401919,3.869177597,1.7977E+308,0.023574637,0
148.3,251.9208351,3.809690184,1.7977E+308,0.025320906,0
148.4,252.0310678,3.750166508,1.7977E+308,0.022701502,0
148.5,251.7457738,3.690669915,1.7977E+308,0.021828368,0
148.6,251.5304256,3.631168533,1.7977E+308,0.022701502,0
148.7,251.2601199,3.571670914,1.7977E+308,0.02313807,0
148.8,251.4078236,3.512144672,1.7977E+308,0.022701503,0
148.9,251.3032228,3.452635707,1.7977E+308,0.020082098,0
149,251.0703881,3.393135522,1.7977E+308,0.016152992,0
149.1,250.7109849,3.333644004,1.7977E+308,0.012660454,0
149.2,250.8112253,3.274121012,1.7977E+308,0.007858213,0
149.3,250.7224456,3.214610963,1.7977E+308,0.004802241,0
149.4,250.4304901,3.155114827,1.7977E+308,0.005238808,0
149.5,250.2084803,3.095613901,1.7977E+308,0.005675376,0
149.6,250.2504326,3.0360949,1.7977E+308,0.006111943,0
149.7,250.1816374,2.976583483,1.7977E+308,0.006548511,0
149.8,250.0970212,2.917073149,1.7977E+308,0.005675376,0
149.9,249.7900773,2.857578039,1.7977E+308,0.005238808,0
150,249.825368,2.798059494,1.7977E+308,0.005675376,0
150.1,249.4593033,2.738568432,1.7977E+308,0.004802241,0
150.2,249.1248807,2.679075204,1.7977E+308,0.006985078,0
150.3,249.340032,2.619544343,1.7977E+308,0.009604482,0
150.4,248.9090177,2.560057729,1.7977E+308,0.012223887,0
150.5,248.9276547,2.500540324,1.7977E+308,0.014406723,0
150.6,248.8313808,2.441030789,1.7977E+308,0.014843291,0
150.7,248.4261797,2.381542407,1.7977E+308,0.017462695,0
150.8,248.2957656,2.322035209,1.7977E+308,0.021391802,0
150.9,248.1911649,2.262526243,1.7977E+308,0.024884341,0
151,248.1090467,2.203015738,1.7977E+308,0.027940313,0
151.1,247.7729587,2.143522624,1.7977E+308,0.030559717,0
151.2,247.4518591,2.084028483,1.7977E+308,0.032305987,0
151.3,247.6536874,2.024498535,1.7977E+308,0.036235093,0
151.4,247.2318326,1.965011293,1.7977E+308,0.038854498,0
151.5,247.1938468,1.905497766,1.7977E+308,0.041473902,0
151.6,246.9735024,1.845996726,1.7977E+308,0.04365674,0
151.7,246.7598196,1.78649523,1.7977E+308,0.042783605,0
151.8,246.7093435,1.726982558,1.7977E+308,0.039727633,0
151.9,246.6288907,1.667471939,1.7977E+308,0.035361959,0
152,246.3302736,1.607976259,1.7977E+308,0.031432853,0
152.1,246.1848711,1.548470087,1.7977E+308,0.028376881,0
152.2,246.0178188,1.488965398,1.7977E+308,0.026194044,0
152.3,245.6800654,1.429472397,1.7977E+308,0.022701505,0
152.4,245.8227729,1.369946498,1.7977E+308,0.018772398,0
152.5,245.4816888,1.310453725,1.7977E+308,0.017462696,0
152.6,245.2571809,1.25095297,1.7977E+308,0.018772399,0
152.698,245.0807795,1.192639244,1.7977E+308,0.018772399,0
152.7,245.0643153,1.191450049,1.7977E+308,0.018772399,0
227.9,244.7117623,1.078524801,1.7977E+308,0.023574641,0
228,244.5530368,1.019019541,1.7977E+308,0.024011209,0
228.1,244.3210347,0.9595193,1.7977E+308,0.023138074,0
228.2,243.997437,0.90002533,1.7977E+308,0.021391804,0
228.3,243.845373,0.840519614,1.7977E+308,0.0187724,0
228.4,243.5500867,0.781023706,1.7977E+308,0.013533591,0
228.5,243.4055169,0.721517477,1.7977E+308,0.011787321,0
228.6,242.8779107,0.662037477,1.7977E+308,0.012223888,0
228.7,243.0031317,0.602512775,1.7977E+308,0.015716428,0
228.8,242.8510677,0.543007059,1.7977E+308,0.0187724,0
228.9,242.4616877,0.483517594,1.7977E+308,0.021828372,0
229,242.2521682,0.424015812,1.7977E+308,0.025320912,0
229.1,241.9926875,0.364517452,1.7977E+308,0.025320912,0
229.2,241.4101238,0.305041215,1.7977E+308,0.02401121,0
229.3,241.3171806,0.245531451,1.7977E+308,0.021828373,0
229.4,241.0135674,0.186036113,1.7977E+308,0.019645536,0
229.5,240.3077659,0.126568315,1.7977E+308,0.018335834,0
229.6,239.8467747,0.067083753,1.7977E+308,0.019208969,0
229.7,239.2725379,0.007606945,1.7977E+308,0.022264941,0
229.71,239.2793144,0.001654869,1.7977E+308,0.022264941,0
